#Trajektoria 1
0 0
1 1
2 0
3 -1
4 -2
5 -3
6 -4
7 -3
8 -2
9 -1
10 0
11 1
12 2
13 1
14 0
15 1
16 0
17 -1
18 -2
19 -1
20 -2
21 -1
22 0
23 1
24 2
25 1
26 0
27 -1
28 0
29 1
30 0
31 -1
32 -2
33 -3
34 -2
35 -1
36 0
37 -1
38 0
39 1
40 2
41 1
42 0
43 1
44 0
45 1
46 2
47 1
48 2
49 3
50 4
51 5
52 4
53 3
54 4
55 3
56 4
57 5
58 4
59 5
60 4
61 5
62 6
63 5
64 4
65 3
66 2
67 3
68 2
69 3
70 4
71 3
72 2
73 3
74 4
75 5
76 6
77 5
78 6
79 7
80 6
81 5
82 4
83 5
84 4
85 3
86 4
87 3
88 2
89 1
90 2
91 3
92 2
93 1
94 0
95 -1
96 0
97 1
98 2
99 3
100 2
101 3
102 2
103 1
104 2
105 1
106 0
107 -1
108 -2
109 -1
110 0
111 1
112 2
113 3
114 2
115 3
116 2
117 1
118 2
119 3
120 2
121 1
122 0
123 -1
124 -2
125 -1
126 -2
127 -3
128 -4
129 -5
130 -6
131 -5
132 -6
133 -7
134 -6
135 -5
136 -6
137 -7
138 -6
139 -7
140 -8
141 -9
142 -10
143 -9
144 -8
145 -7
146 -8
147 -9
148 -8
149 -7
150 -8
151 -7
152 -6
153 -7
154 -6
155 -7
156 -8
157 -9
158 -8
159 -7
160 -6
161 -7
162 -8
163 -7
164 -8
165 -7
166 -6
167 -5
168 -4
169 -3
170 -4
171 -5
172 -4
173 -5
174 -6
175 -5
176 -4
177 -3
178 -2
179 -1
180 -2
181 -3
182 -2
183 -3
184 -4
185 -5
186 -6
187 -7
188 -8
189 -7
190 -8
191 -7
192 -6
193 -5
194 -6
195 -7
196 -6
197 -7
198 -8
199 -7
200 -6

#Trajektoria 2
0 0
1 -1
2 -2
3 -3
4 -2
5 -3
6 -4
7 -5
8 -4
9 -5
10 -4
11 -5
12 -4
13 -3
14 -2
15 -1
16 0
17 1
18 0
19 1
20 2
21 1
22 2
23 3
24 4
25 3
26 2
27 1
28 2
29 3
30 4
31 5
32 4
33 5
34 4
35 5
36 6
37 5
38 4
39 3
40 2
41 3
42 2
43 3
44 2
45 3
46 4
47 5
48 6
49 5
50 6
51 7
52 8
53 7
54 8
55 7
56 8
57 7
58 6
59 7
60 6
61 7
62 6
63 7
64 8
65 7
66 8
67 7
68 8
69 7
70 6
71 7
72 8
73 7
74 6
75 7
76 8
77 7
78 6
79 5
80 4
81 5
82 6
83 5
84 6
85 7
86 8
87 9
88 8
89 9
90 8
91 7
92 8
93 7
94 6
95 5
96 4
97 3
98 4
99 3
100 4
101 3
102 2
103 3
104 4
105 5
106 4
107 3
108 4
109 3
110 4
111 5
112 4
113 3
114 2
115 1
116 0
117 -1
118 -2
119 -1
120 -2
121 -3
122 -4
123 -3
124 -2
125 -1
126 -2
127 -1
128 0
129 1
130 0
131 1
132 0
133 -1
134 -2
135 -3
136 -2
137 -1
138 -2
139 -3
140 -2
141 -3
142 -4
143 -3
144 -4
145 -3
146 -4
147 -3
148 -4
149 -3
150 -4
151 -5
152 -4
153 -3
154 -2
155 -3
156 -2
157 -1
158 -2
159 -1
160 0
161 1
162 0
163 1
164 0
165 1
166 0
167 -1
168 0
169 -1
170 0
171 1
172 0
173 -1
174 0
175 -1
176 -2
177 -3
178 -2
179 -3
180 -4
181 -3
182 -2
183 -3
184 -2
185 -3
186 -2
187 -3
188 -2
189 -1
190 0
191 1
192 2
193 3
194 2
195 1
196 2
197 1
198 0
199 -1
200 0

#Trajektoria 3
0 0
1 1
2 2
3 3
4 4
5 5
6 6
7 7
8 6
9 7
10 8
11 9
12 8
13 9
14 10
15 9
16 10
17 11
18 12
19 13
20 12
21 13
22 14
23 15
24 14
25 15
26 14
27 15
28 14
29 15
30 14
31 13
32 12
33 13
34 14
35 15
36 14
37 13
38 14
39 13
40 12
41 11
42 12
43 13
44 14
45 15
46 14
47 15
48 14
49 15
50 16
51 15
52 14
53 15
54 16
55 17
56 16
57 17
58 18
59 17
60 16
61 15
62 16
63 17
64 16
65 15
66 14
67 13
68 14
69 15
70 16
71 15
72 16
73 15
74 16
75 17
76 16
77 17
78 16
79 17
80 16
81 15
82 16
83 17
84 16
85 17
86 16
87 15
88 14
89 13
90 12
91 11
92 10
93 11
94 12
95 13
96 12
97 11
98 10
99 11
100 12
101 13
102 12
103 11
104 12
105 11
106 12
107 11
108 12
109 13
110 14
111 13
112 12
113 11
114 10
115 11
116 10
117 11
118 10
119 9
120 10
121 11
122 10
123 9
124 8
125 9
126 8
127 9
128 10
129 9
130 10
131 9
132 10
133 9
134 8
135 7
136 6
137 5
138 4
139 3
140 2
141 1
142 2
143 1
144 2
145 3
146 2
147 1
148 0
149 -1
150 -2
151 -1
152 0
153 -1
154 0
155 1
156 2
157 1
158 0
159 -1
160 0
161 -1
162 0
163 -1
164 0
165 1
166 2
167 3
168 2
169 3
170 2
171 1
172 0
173 -1
174 0
175 1
176 2
177 1
178 2
179 3
180 2
181 1
182 2
183 1
184 0
185 1
186 0
187 1
188 2
189 3
190 2
191 1
192 2
193 1
194 2
195 1
196 2
197 1
198 2
199 3
200 4

#Trajektoria 4
0 0
1 -1
2 0
3 1
4 0
5 -1
6 0
7 -1
8 0
9 1
10 2
11 3
12 2
13 3
14 2
15 3
16 2
17 1
18 2
19 3
20 4
21 5
22 6
23 5
24 4
25 3
26 2
27 3
28 4
29 3
30 2
31 3
32 4
33 5
34 4
35 5
36 6
37 7
38 6
39 5
40 4
41 3
42 4
43 3
44 4
45 3
46 2
47 3
48 2
49 1
50 0
51 1
52 2
53 3
54 4
55 3
56 4
57 5
58 6
59 5
60 4
61 3
62 4
63 5
64 4
65 3
66 4
67 5
68 4
69 5
70 6
71 5
72 6
73 7
74 8
75 7
76 8
77 9
78 8
79 7
80 6
81 7
82 8
83 9
84 10
85 9
86 10
87 9
88 10
89 11
90 10
91 11
92 12
93 13
94 14
95 15
96 14
97 15
98 14
99 15
100 16
101 17
102 18
103 19
104 18
105 17
106 16
107 15
108 16
109 15
110 14
111 13
112 12
113 13
114 14
115 15
116 16
117 15
118 16
119 15
120 16
121 17
122 16
123 17
124 16
125 17
126 18
127 19
128 20
129 21
130 22
131 21
132 20
133 19
134 20
135 21
136 22
137 23
138 22
139 21
140 20
141 19
142 20
143 19
144 18
145 17
146 18
147 19
148 18
149 19
150 20
151 21
152 22
153 21
154 22
155 21
156 22
157 21
158 22
159 21
160 20
161 19
162 18
163 19
164 20
165 21
166 20
167 21
168 20
169 21
170 20
171 21
172 22
173 21
174 22
175 23
176 24
177 23
178 22
179 23
180 24
181 25
182 26
183 27
184 28
185 27
186 28
187 27
188 26
189 27
190 26
191 25
192 24
193 25
194 24
195 23
196 22
197 23
198 24
199 23
200 24

#Trajektoria 5
0 0
1 -1
2 0
3 1
4 0
5 -1
6 0
7 -1
8 0
9 -1
10 0
11 -1
12 -2
13 -1
14 -2
15 -1
16 -2
17 -3
18 -2
19 -3
20 -4
21 -3
22 -4
23 -5
24 -6
25 -5
26 -6
27 -5
28 -6
29 -5
30 -4
31 -5
32 -6
33 -5
34 -4
35 -5
36 -4
37 -5
38 -4
39 -3
40 -4
41 -5
42 -4
43 -5
44 -6
45 -7
46 -8
47 -7
48 -8
49 -9
50 -10
51 -9
52 -10
53 -9
54 -10
55 -11
56 -10
57 -11
58 -10
59 -11
60 -10
61 -11
62 -12
63 -11
64 -12
65 -13
66 -12
67 -11
68 -12
69 -13
70 -12
71 -11
72 -10
73 -9
74 -10
75 -11
76 -10
77 -11
78 -12
79 -13
80 -12
81 -11
82 -10
83 -9
84 -10
85 -9
86 -10
87 -11
88 -12
89 -11
90 -10
91 -11
92 -10
93 -11
94 -10
95 -9
96 -8
97 -7
98 -6
99 -5
100 -4
101 -5
102 -4
103 -3
104 -4
105 -5
106 -4
107 -3
108 -4
109 -3
110 -4
111 -3
112 -2
113 -1
114 0
115 -1
116 0
117 1
118 0
119 1
120 0
121 1
122 2
123 1
124 2
125 1
126 0
127 -1
128 -2
129 -1
130 0
131 -1
132 -2
133 -1
134 -2
135 -3
136 -4
137 -5
138 -6
139 -7
140 -8
141 -7
142 -8
143 -7
144 -6
145 -5
146 -4
147 -5
148 -4
149 -5
150 -4
151 -3
152 -4
153 -5
154 -6
155 -5
156 -6
157 -7
158 -8
159 -9
160 -8
161 -9
162 -8
163 -9
164 -8
165 -7
166 -8
167 -7
168 -6
169 -5
170 -4
171 -5
172 -6
173 -5
174 -6
175 -7
176 -6
177 -7
178 -6
179 -5
180 -4
181 -5
182 -6
183 -7
184 -6
185 -5
186 -4
187 -5
188 -4
189 -5
190 -4
191 -3
192 -4
193 -5
194 -6
195 -5
196 -6
197 -7
198 -6
199 -7
200 -6

