0 0 9846
0 1 10029
0 2 10009
0 3 10065
0 4 10105
0 5 10192
0 6 10127
0 7 10055
0 8 9952
0 9 10030
1 0 9819
1 1 9854
1 2 9964
1 3 10038
1 4 10047
1 5 10086
1 6 9936
1 7 9833
1 8 10063
1 9 9957
2 0 10086
2 1 9985
2 2 10030
2 3 10076
2 4 10024
2 5 9925
2 6 9927
2 7 9887
2 8 10032
2 9 10028
3 0 10146
3 1 10124
3 2 9886
3 3 9944
3 4 10048
3 5 9744
3 6 9693
3 7 9762
3 8 9913
3 9 10025
4 0 9962
4 1 10040
4 2 10017
4 3 9984
4 4 9899
4 5 9530
4 6 9675
4 7 9933
4 8 9906
4 9 10048
5 0 9987
5 1 10243
5 2 10142
5 3 10045
5 4 9954
5 5 9800
5 6 9928
5 7 10047
5 8 9856
5 9 9961
6 0 10138
6 1 10246
6 2 9984
6 3 9960
6 4 10094
6 5 10069
6 6 10129
6 7 10013
6 8 9939
6 9 10018
7 0 10113
7 1 10057
7 2 9811
7 3 9765
7 4 9993
7 5 10046
7 6 10022
7 7 9908
7 8 9837
7 9 10073
8 0 10114
8 1 9927
8 2 9799
8 3 9814
8 4 10120
8 5 10243
8 6 10078
8 7 10120
8 8 10173
8 9 10311
9 0 10002
9 1 9939
9 2 9933
9 3 10057
9 4 10021
9 5 10123
9 6 10140
9 7 10168
9 8 10218
9 9 10236
# Srednia = 10000, Odchylenie std = 133.807
