0 0 0
1 0.16451 0.986375
2 -0.257396 1.89302
3 0.521179 2.52057
4 1.49689 2.30152
5 0.523065 2.07423
6 -0.443482 2.33072
7 0.496158 1.98856
8 -0.361764 1.47478
9 0.197886 0.646047
10 -0.576361 1.27893
11 -0.850456 0.317229
12 -1.76503 0.721657
13 -2.6718 1.14328
14 -1.72936 0.808907
15 -2.65617 1.18442
16 -3.09471 2.08314
17 -2.47447 1.29873
18 -1.87162 0.50087
19 -2.2289 -0.433128
20 -2.14462 -1.42957
21 -2.94474 -2.02941
22 -3.88887 -1.69985
23 -4.53236 -2.46531
24 -3.53691 -2.37005
25 -3.98111 -3.26598
26 -3.02716 -3.56592
27 -3.82917 -4.16323
28 -4.56366 -4.84185
29 -4.28988 -3.88006
30 -5.25601 -3.62202
31 -6.25599 -3.61464
32 -6.61704 -2.68209
33 -7.60095 -2.50343
34 -7.6831 -1.50681
35 -6.85485 -2.06716
36 -6.03291 -1.49758
37 -5.20191 -0.941317
38 -4.93068 0.0211983
39 -4.15776 -0.613303
40 -4.02457 0.377787
41 -3.04763 0.164274
42 -2.96285 1.16067
43 -3.52889 0.336298
44 -2.55549 0.565393
45 -1.92399 1.34077
46 -1.84357 0.344012
47 -0.992875 0.869666
48 -1.91653 0.48645
49 -1.10396 -0.0964138
50 -0.291891 0.487141
51 -0.499875 1.46527
52 -0.36456 0.47447
53 -0.330953 -0.524965
54 -1.09145 -1.17431
55 -1.94875 -1.68912
56 -0.98094 -1.43744
57 -1.2893 -0.486172
58 -2.16348 -0.971764
59 -1.37771 -0.35325
60 -1.11671 0.612088
61 -1.49402 1.53817
62 -1.05584 0.639288
63 -2.04963 0.528076
64 -2.61137 -0.299238
65 -2.22588 -1.22195
66 -3.15271 -0.846469
67 -2.15892 -0.735253
68 -2.80476 -1.49872
69 -3.7131 -1.08048
70 -4.65093 -1.42757
71 -4.33189 -0.479832
72 -3.35299 -0.684199
73 -3.76274 0.228002
74 -4.59656 -0.324028
75 -4.1908 0.58995
76 -4.78203 -0.216553
77 -4.3318 0.676359
78 -4.98241 1.43577
79 -5.73651 2.09253
80 -4.73943 2.01611
81 -4.69527 3.01513
82 -5.66429 3.2621
83 -6.36178 3.9787
84 -5.39802 4.24548
85 -6.27974 4.71725
86 -6.66408 5.64044
87 -6.11331 4.80579
88 -5.7326 5.73048
89 -6.11308 4.80569
90 -6.72598 4.01553
91 -6.56298 5.00216
92 -5.87115 4.28011
93 -6.86519 4.38904
94 -6.30752 3.55898
95 -5.33938 3.80939
96 -5.04723 4.76576
97 -5.84338 5.37085
98 -5.022 4.80048
99 -5.59801 5.61792
100 -4.72752 5.12574
101 -4.747 4.12593
102 -4.57917 5.11174
103 -4.37478 6.09063
104 -4.21555 5.10339
105 -3.37157 5.63976
106 -3.45873 4.64356
107 -2.51298 4.96845
108 -2.99306 5.84567
109 -3.9308 6.19303
110 -2.97254 6.47893
111 -2.24167 5.79641
112 -1.28899 5.49243
113 -1.2511 4.49315
114 -1.5067 5.45994
115 -1.70122 6.44083
116 -0.748967 6.74615
117 -1.74087 6.87317
118 -0.781271 6.59179
119 -0.500428 7.55154
120 -0.395806 6.55703
121 -0.125128 5.59436
122 -0.717825 4.78893
123 0.0836722 4.19093
124 1.07114 4.03313
125 0.22675 4.56886
126 0.555248 3.62435
127 1.25504 2.91
128 1.11954 1.91923
129 0.188323 2.2837
130 0.171729 3.28357
131 0.978823 3.87399
132 1.50199 3.02176
133 0.654593 3.55271
134 -0.226469 4.02572
135 -0.344525 5.01872
136 0.526343 5.51024
137 1.39408 6.00726
138 1.37857 7.00714
139 2.30889 6.64038
140 1.31062 6.69925
141 0.314398 6.61243
142 0.934093 5.82758
143 0.460676 6.70842
144 0.922695 5.82155
145 1.89094 6.07156
146 2.73596 5.53684
147 2.09906 4.76589
148 2.65044 3.93164
149 3.08129 3.02922
150 2.7556 2.08374
151 3.22728 1.20197
152 3.66078 0.300818
153 4.54514 0.767633
154 4.19949 1.706
155 3.72276 0.826946
156 3.41537 1.77853
157 2.74854 1.03331
158 2.52994 2.00913
159 2.68532 1.02127
160 3.60765 1.40766
161 2.73427 0.92063
162 1.8205 1.32687
163 1.88258 0.328803
164 2.42987 -0.50814
165 1.54635 -0.0397608
166 2.18041 -0.81304
167 1.18283 -0.743606
168 1.76138 -1.55925
169 0.761803 -1.53013
170 -0.112674 -1.04507
171 -0.286434 -2.02985
172 0.160611 -2.92437
173 -0.505354 -2.17838
174 -1.47684 -1.94128
175 -1.67366 -2.92171
176 -2.57756 -2.49398
177 -2.34563 -1.52125
178 -2.44766 -0.52647
179 -2.41994 0.473146
180 -2.38408 -0.526211
181 -3.20623 0.0430632
182 -2.41502 -0.568483
183 -1.62246 -1.17828
184 -1.40025 -2.15328
185 -0.400769 -2.18562
186 0.572524 -2.41518
187 -0.30189 -1.93
188 -1.05826 -2.58415
189 -0.162116 -2.14038
190 -1.07209 -2.55504
191 -0.0734281 -2.50334
192 -0.400155 -3.44846
193 0.23817 -4.21823
194 -0.746233 -4.39416
195 0.0806721 -3.83182
196 0.7741 -4.55234
197 1.61332 -4.00854
198 2.60336 -4.14933
199 3.52775 -3.7679
200 4.49149 -3.50107
201 5.32281 -2.94527
202 6.0593 -3.62171
203 5.45531 -2.82472
204 6.42055 -3.0861
205 7.17209 -3.74578
206 8.1313 -4.02848
207 8.61614 -4.90308
208 8.95622 -5.84348
209 8.23036 -6.53132
210 7.27459 -6.23721
211 8.18765 -5.82939
212 9.12426 -6.17977
213 9.09488 -5.1802
214 8.10005 -5.2818
215 8.13476 -4.28241
216 7.86394 -5.24504
217 6.86959 -5.13884
218 6.40098 -6.02225
219 5.79019 -6.81404
220 6.35536 -7.63902
221 6.87025 -8.49628
222 7.40984 -9.3382
223 8.36197 -9.03249
224 8.09951 -9.99743
225 8.6463 -10.8347
226 8.52713 -11.8276
227 8.10832 -10.9195
228 7.72801 -11.8444
229 6.81323 -11.4404
230 6.90694 -12.436
231 6.26017 -13.1987
232 5.69325 -12.3749
233 6.52938 -11.8264
234 7.51739 -11.672
235 6.57308 -12.0011
236 5.84074 -12.682
237 6.16811 -13.6269
238 6.1688 -12.6269
239 5.32284 -12.0937
240 5.70031 -13.0197
241 5.99664 -12.0646
242 5.13175 -11.5626
243 6.12393 -11.4379
244 5.26603 -10.924
245 6.09246 -11.4871
246 5.52056 -10.6668
247 4.9346 -9.85643
248 5.56525 -9.08037
249 4.70005 -9.58179
250 4.97572 -10.543
251 5.81595 -11.0853
252 6.58617 -11.723
253 6.59923 -12.723
254 6.60977 -11.723
255 7.12063 -10.8634
256 6.86265 -11.8295
257 7.15504 -10.8732
258 6.21837 -10.523
259 5.2946 -10.9059
260 5.41508 -11.8987
261 5.64257 -10.9249
262 5.74391 -11.9197
263 6.55958 -11.3412
264 7.31633 -11.9949
265 7.7552 -11.0964
266 8.42107 -10.3503
267 7.72446 -9.63285
268 8.37632 -10.3912
269 8.75138 -11.3182
270 8.61021 -10.3282
271 7.67288 -9.97974
272 6.93105 -10.6503
273 7.1615 -9.67725
274 6.89319 -8.71391
275 7.03297 -9.70409
276 7.99974 -9.95975
277 8.93555 -10.3122
278 8.70077 -9.34019
279 8.96117 -10.3057
280 9.34042 -9.3804
281 9.20035 -8.39026
282 8.20564 -8.28758
283 8.41094 -7.30888
284 8.7998 -6.38758
285 7.84796 -6.08097
286 8.05404 -7.05951
287 8.23329 -6.07571
288 7.33304 -6.51108
289 7.84963 -5.65484
290 7.25467 -4.85108
291 6.30371 -5.16038
292 6.07637 -6.1342
293 6.54232 -7.01901
294 6.25276 -7.97617
295 5.46402 -8.5909
296 4.90722 -7.76025
297 5.82724 -7.36838
298 5.06354 -6.72282
299 4.43304 -5.94663
300 4.3044 -4.95493
301 4.76895 -5.84048
302 5.3276 -5.01108
303 4.53745 -5.62399
304 3.6378 -5.18737
305 3.4748 -6.17399
306 4.41991 -5.84725
307 3.48258 -5.4988
308 2.74481 -6.17386
309 3.61652 -5.68383
310 4.10812 -4.81301
311 5.10793 -4.79326
312 5.60363 -5.66175
313 6.53482 -6.02629
314 7.26654 -5.34469
315 6.43422 -5.89899
316 6.05241 -4.97476
317 5.39229 -5.72591
318 5.86008 -4.84208
319 5.92942 -5.83967
320 5.69737 -4.86697
321 6.53157 -5.41842
322 6.50183 -4.41887
323 7.49158 -4.27605
324 7.71932 -5.24978
325 7.75529 -6.24913
326 6.98314 -6.88457
327 6.4267 -6.05368
328 6.10828 -7.00163
329 6.39629 -6.04401
330 7.00394 -5.2498
331 6.3582 -4.48624
332 6.77992 -3.57951
333 6.72894 -4.57821
334 6.17966 -3.74257
335 5.85022 -2.7984
336 5.25518 -3.60209
337 6.20424 -3.28699
338 5.53769 -2.54153
339 6.50756 -2.78516
340 6.27123 -3.75683
341 6.41647 -2.76744
342 6.10585 -1.8169
343 5.31152 -2.42439
344 6.22838 -2.8236
345 7.19503 -3.07969
346 6.51207 -2.34924
347 5.59672 -2.75191
348 6.48044 -3.21992
349 7.46207 -3.41071
350 7.93083 -4.29403
351 6.94758 -4.11177
352 7.94355 -4.20146
353 7.26802 -4.9388
354 7.19191 -3.9417
355 6.93819 -4.90898
356 6.58473 -5.84443
357 6.15985 -4.93918
358 7.0817 -4.55164
359 7.65912 -3.73519
360 8.09691 -2.83611
361 8.30398 -1.85779
362 7.35282 -1.54908
363 8.26235 -1.96473
364 9.25803 -2.05752
365 9.17941 -1.06061
366 8.69183 -0.187538
367 8.9205 -1.16104
368 8.85117 -0.163448
369 9.44406 -0.968734
370 9.76333 -0.0210722
371 9.17321 -0.828384
372 8.21591 -0.539292
373 7.25989 -0.245982
374 6.34966 -0.660074
375 6.00613 -1.59922
376 6.52243 -2.45563
377 7.45453 -2.09342
378 6.97854 -2.97287
379 7.9438 -2.7116
380 7.33334 -3.50365
381 6.33968 -3.39127
382 5.33972 -3.39994
383 6.12498 -2.78078
384 6.37142 -3.74994
385 5.62012 -3.08999
386 5.79796 -2.10593
387 6.06115 -3.07067
388 5.65576 -3.98482
389 6.64608 -3.84599
390 6.55506 -2.85014
391 5.86625 -2.1252
392 6.43463 -1.30243
393 7.26784 -0.749473
394 8.06812 -0.149854
395 7.48863 0.665124
396 8.45105 0.393566
397 9.23551 -0.226612
398 10.229 -0.340728
399 10.6414 -1.25173
400 9.84987 -1.86288
401 9.67694 -0.877946
402 8.98096 -1.59601
403 8.01047 -1.83718
404 8.73444 -2.52701
405 7.74341 -2.39337
406 6.9592 -1.77287
407 6.09667 -2.27886
408 5.21645 -2.75343
409 5.98458 -3.39371
410 5.60451 -2.46876
411 5.70088 -3.4641
412 4.95448 -4.12961
413 4.91843 -5.12896
414 5.7957 -4.64897
415 4.81731 -4.44221
416 5.81649 -4.48277
417 5.754 -5.48082
418 4.77357 -5.67768
419 5.752 -5.47112
420 4.98048 -6.10732
421 5.58309 -6.90536
422 6.36513 -6.28214
423 5.43223 -5.92202
424 4.78531 -5.15945
425 3.80459 -5.35487
426 4.29096 -4.48112
427 3.32 -4.72038
428 2.34411 -4.93864
429 1.53207 -5.52224
430 1.956 -4.61655
431 0.980903 -4.83832
432 0.0852872 -5.28314
433 -0.77493 -5.79307
434 0.0306978 -6.38549
435 0.655827 -7.16601
436 1.32099 -6.41931
437 1.78486 -5.53341
438 2.76311 -5.32595
439 2.45745 -4.37381
440 2.09169 -5.30452
441 2.1069 -6.3044
442 2.69273 -7.11484
443 2.04482 -7.87656
444 1.06267 -7.68846
445 0.808815 -8.6557
446 0.218532 -7.8485
447 -0.702449 -7.4589
448 0.0867045 -6.8447
449 -0.330574 -5.93592
450 -0.811983 -6.81242
451 -1.10147 -7.7696
452 -0.258982 -8.30831
453 0.554608 -8.88975
454 1.33687 -8.26681
455 1.6981 -7.33433
456 1.51855 -6.35058
457 0.613764 -5.92471
458 0.700716 -6.92092
459 1.67626 -7.14072
460 1.51591 -8.12778
461 0.885318 -7.35167
462 0.0677164 -7.92746
463 -0.685598 -8.58512
464 -1.50398 -9.1598
465 -1.21789 -10.118
466 -0.702374 -10.9749
467 -0.689197 -9.97497
468 -0.808797 -10.9678
469 -1.66559 -11.4834
470 -1.94495 -10.5233
471 -0.993911 -10.2142
472 -0.365685 -9.43615
473 -0.0590798 -10.388
474 0.916362 -10.1677
475 1.8986 -10.3554
476 2.13345 -11.3274
477 1.32905 -10.7333
478 0.995364 -11.676
479 0.0139279 -11.8678
480 -0.466426 -10.9907
481 0.418904 -10.5258
482 -0.456812 -10.0429
483 0.165162 -10.826
484 0.157798 -9.82599
485 -0.840532 -9.76823
486 -0.29156 -8.93239
487 -1.28699 -8.83685
488 -1.25021 -9.83618
489 -1.50498 -8.86917
490 -1.62509 -9.86193
491 -0.636691 -10.0138
492 -1.63282 -9.92595
493 -2.47634 -10.4631
494 -3.09356 -11.2498
495 -2.28084 -11.8325
496 -2.27726 -12.8325
497 -2.53117 -11.8653
498 -1.53247 -11.8144
499 -2.04347 -10.9548
500 -1.72959 -11.9043
501 -2.50339 -11.2708
502 -3.45169 -11.5882
503 -2.82755 -12.3695
504 -1.82813 -12.3355
505 -2.29978 -13.2172
506 -2.12774 -14.2023
507 -3.11112 -14.3839
508 -3.88671 -15.0151
509 -2.90769 -14.8114
510 -2.15557 -14.1524
511 -3.09856 -14.4852
512 -2.1277 -14.2455
513 -2.9363 -14.8339
514 -3.74814 -14.25
515 -4.66213 -13.8443
516 -4.06185 -14.6441
517 -4.92275 -14.1353
518 -4.01169 -14.5476
519 -4.71017 -13.8319
520 -5.39354 -14.562
521 -4.69111 -15.2738
522 -4.92198 -14.3008
523 -5.2882 -13.3703
524 -6.18962 -12.9373
525 -7.02877 -12.3934
526 -6.92797 -11.3985
527 -7.29004 -12.3306
528 -6.29424 -12.2391
529 -5.3042 -12.0983
530 -5.57723 -11.1363
531 -5.48935 -12.1324
532 -6.29736 -12.7216
533 -5.59753 -12.0073
534 -6.55342 -12.301
535 -6.0754 -11.4227
536 -5.81735 -10.4565
537 -6.64867 -11.0123
538 -6.50341 -10.0229
539 -7.39682 -10.4722
540 -6.41955 -10.6842
541 -6.73733 -11.6323
542 -6.48813 -12.6008
543 -7.38532 -12.1591
544 -7.49475 -11.1652
545 -6.82691 -11.9095
546 -7.46846 -12.6765
547 -8.38881 -13.0676
548 -9.28957 -13.502
549 -9.02878 -14.4674
550 -9.89328 -14.97
551 -10.308 -14.06
552 -9.7744 -14.9058
553 -8.91503 -14.3944
554 -9.44552 -15.2421
555 -8.6118 -15.7943
556 -7.8634 -16.4575
557 -6.88614 -16.6696
558 -7.50823 -17.4525
559 -6.68985 -18.0272
560 -6.95257 -17.0623
561 -6.99204 -16.0631
562 -6.99882 -15.0631
563 -6.81674 -14.0798
564 -7.74109 -13.6983
565 -8.0027 -14.6635
566 -8.4493 -15.5582
567 -7.85211 -16.3603
568 -6.90303 -16.0453
569 -7.56641 -16.7936
570 -8.44057 -16.308
571 -9.43731 -16.2272
572 -8.43819 -16.2693
573 -7.87767 -15.4412
574 -8.15913 -16.4008
575 -8.6073 -15.5068
576 -7.65329 -15.2071
577 -7.51703 -14.2164
578 -7.22198 -13.2609
579 -6.61399 -12.467
580 -7.5582 -12.1376
581 -7.71913 -11.1507
582 -6.9726 -10.4853
583 -6.00095 -10.7218
584 -5.99512 -9.72177
585 -6.25267 -10.688
586 -6.82554 -9.86839
587 -7.59743 -10.5041
588 -8.51416 -10.9036
589 -9.44505 -11.269
590 -9.97119 -10.4186
591 -10.1106 -9.42832
592 -9.45643 -8.67195
593 -10.4415 -8.50008
594 -11.4271 -8.66928
595 -11.9847 -9.49942
596 -11.9027 -10.4961
597 -11.0337 -10.9909
598 -10.7378 -11.9461
599 -9.94232 -11.3401
600 -9.41344 -10.4915
601 -10.2251 -9.90739
602 -9.60657 -10.6931
603 -8.91308 -9.97264
604 -7.97581 -9.62405
605 -8.19854 -8.64917
606 -8.82675 -7.87113
607 -9.20254 -8.79784
608 -8.267 -8.44462
609 -9.20925 -8.77953
610 -10.1708 -9.05419
611 -9.54248 -9.83214
612 -8.63145 -9.41981
613 -9.14061 -10.2805
614 -8.53608 -11.0771
615 -9.53372 -11.1457
616 -9.01604 -12.0013
617 -9.24953 -11.0289
618 -8.69313 -10.198
619 -9.33567 -10.9643
620 -8.87007 -11.8493
621 -9.75703 -12.3111
622 -9.57493 -11.3278
623 -9.31151 -12.2925
624 -8.44777 -12.7964
625 -8.38801 -11.7982
626 -8.01094 -10.872
627 -7.13847 -10.3834
628 -7.59516 -9.49375
629 -6.65695 -9.83981
630 -5.78565 -9.34906
631 -6.78093 -9.44614
632 -6.45844 -10.3927
633 -7.3313 -10.8807
634 -7.12482 -9.90224
635 -6.84291 -8.9428
636 -6.55044 -7.98653
637 -6.71942 -8.97215
638 -6.72441 -7.97216
639 -5.73225 -8.09715
640 -4.8695 -7.59153
641 -4.21487 -6.83557
642 -3.24578 -7.08228
643 -3.19583 -8.08103
644 -2.77077 -7.17586
645 -2.05999 -7.87927
646 -3.05952 -7.90989
647 -2.2633 -8.51489
648 -1.35108 -8.10519
649 -0.763677 -7.2959
650 -0.696599 -8.29365
651 -1.69631 -8.26961
652 -1.59711 -9.26467
653 -0.630034 -9.51915
654 0.369954 -9.52411
655 1.26289 -9.97428
656 0.573998 -9.24942
657 1.40625 -8.69503
658 2.0481 -9.46186
659 2.979 -9.82714
660 3.93947 -10.1055
661 4.59521 -9.35054
662 4.93935 -10.2895
663 4.12872 -10.875
664 3.65805 -9.99271
665 3.01995 -9.22275
666 2.02913 -9.08757
667 1.02917 -9.07899
668 0.536256 -9.94907
669 0.0178497 -9.09394
670 -0.962384 -9.29178
671 -0.733458 -10.2652
672 -1.49629 -10.9118
673 -1.78837 -9.95543
674 -2.36803 -10.7703
675 -3.09264 -11.4594
676 -2.7803 -12.4094
677 -2.69157 -13.4055
678 -1.71647 -13.6272
679 -0.90393 -14.2101
680 -0.421946 -13.334
681 -0.269279 -14.3222
682 -1.26221 -14.2036
683 -1.55749 -13.2482
684 -2.55471 -13.3228
685 -2.86175 -12.3711
686 -2.15048 -13.074
687 -1.33311 -12.4979
688 -2.24892 -12.8995
689 -1.40656 -12.3606
690 -0.602882 -12.9557
691 0.023157 -12.1759
692 -0.0372288 -13.1741
693 0.353719 -14.0945
694 0.977258 -13.3127
695 1.4856 -14.1738
696 0.860404 -14.9543
697 0.514348 -14.0161
698 -0.484921 -14.0543
699 -0.538184 -15.0529
700 -0.711297 -14.068
701 -1.70719 -13.9774
702 -1.82107 -12.9839
703 -1.9104 -13.9799
704 -2.83257 -14.3667
705 -1.8934 -14.0233
706 -1.14058 -13.365
707 -0.30816 -13.9192
708 -1.29979 -13.7901
709 -0.330242 -13.5452
710 -0.19218 -12.5548
711 0.788574 -12.3596
712 0.101463 -13.0861
713 0.28687 -12.1034
714 -0.216622 -12.9674
715 -1.18018 -13.235
716 -0.701387 -12.357
717 -0.692046 -13.357
718 -1.25124 -12.5279
719 -2.13966 -12.987
720 -3.10297 -12.7186
721 -2.10304 -12.7071
722 -1.28894 -12.1263
723 -0.300005 -11.978
724 -0.874318 -11.1594
725 -1.85566 -11.3516
726 -1.33342 -10.4988
727 -0.654763 -11.2333
728 -1.16628 -10.374
729 -0.415081 -9.71396
730 -0.709966 -10.6695
731 0.279882 -10.5274
732 1.27902 -10.569
733 1.95725 -11.3038
734 2.93862 -11.4959
735 1.97603 -11.225
736 0.978766 -11.2989
737 1.01254 -12.2983
738 1.62932 -11.5112
739 1.68205 -10.5126
740 2.53944 -9.99792
741 2.0943 -10.8934
742 1.4645 -10.1166
743 0.830767 -9.34308
744 0.118223 -10.0447
745 -0.409115 -9.19505
746 0.530513 -9.53725
747 0.0933708 -10.4366
748 0.0395483 -11.4352
749 -0.613039 -10.6775
750 -0.479594 -9.68642
751 -1.29085 -10.2711
752 -0.29216 -10.3222
753 0.707838 -10.3245
754 0.739501 -11.324
755 0.463363 -10.3629
756 0.953368 -11.2346
757 0.295857 -11.9881
758 -0.320412 -12.7756
759 -0.862655 -13.6158
760 0.0558817 -13.2205
761 1.05046 -13.1165
762 0.224541 -13.6803
763 1.21685 -13.8041
764 1.28107 -12.8062
765 0.321894 -13.089
766 -0.590185 -12.679
767 0.407526 -12.6113
768 -0.575665 -12.7939
769 -1.26423 -13.5191
770 -1.35308 -12.523
771 -0.758752 -13.3273
772 -0.307548 -14.2197
773 -1.30373 -14.307
774 -0.32308 -14.5028
775 -0.409737 -13.5065
776 -1.26699 -12.9917
777 -0.314955 -12.6857
778 0.250918 -11.8612
779 -0.255628 -10.999
780 -0.700784 -10.1035
781 0.0846914 -10.7224
782 -0.888037 -10.4905
783 -0.784144 -9.49588
784 -1.7599 -9.277
785 -1.15658 -8.4795
786 -1.92811 -7.84331
787 -1.57444 -8.77868
788 -0.631644 -8.44531
789 -1.25376 -9.22824
790 -0.744878 -10.0891
791 0.171683 -10.489
792 1.12451 -10.7925
793 0.460864 -11.5405
794 1.12647 -10.7942
795 1.81445 -11.52
796 1.73912 -10.5228
797 0.874677 -10.0201
798 1.77641 -10.4524
799 2.59796 -11.0225
800 2.70425 -12.0168
801 1.72062 -11.8366
802 2.01235 -10.8801
803 1.99741 -11.88
804 2.66143 -12.6277
805 1.95572 -13.3362
806 2.79657 -13.8775
807 2.70553 -14.8733
808 1.72137 -14.696
809 2.37655 -13.9406
810 2.07074 -12.9885
811 3.06411 -13.1034
812 2.24796 -12.5256
813 2.65132 -11.6105
814 3.10168 -10.7177
815 3.965 -11.2224
816 2.96548 -11.1915
817 3.89129 -10.8135
818 4.42242 -9.9662
819 4.16442 -9.00006
820 4.10252 -9.99814
821 3.72412 -10.9238
822 2.73257 -11.0535
823 1.90484 -10.4924
824 2.22166 -9.5439
825 3.114 -9.09253
826 3.75381 -9.86107
827 2.96666 -10.4778
828 3.5096 -9.63807
829 3.3506 -8.65079
830 3.95736 -7.85591
831 2.99297 -7.59141
832 2.74905 -8.5612
833 3.26874 -9.41556
834 2.47645 -10.0257
835 3.47426 -10.0919
836 3.84329 -9.16247
837 4.00883 -8.17627
838 3.01059 -8.23557
839 4.00147 -8.10085
840 4.96885 -8.3542
841 5.25939 -9.31106
842 4.53109 -9.99632
843 5.44593 -10.4001
844 5.66071 -11.3768
845 6.19449 -12.2224
846 7.18853 -12.1134
847 7.35395 -11.1272
848 6.55414 -11.7274
849 7.54122 -11.5672
850 6.54442 -11.4873
851 6.48043 -12.4853
852 6.19866 -13.4448
853 6.55977 -14.3773
854 7.28971 -13.6938
855 7.65927 -14.623
856 7.26302 -13.7049
857 6.29286 -13.9473
858 5.84397 -14.8409
859 6.72737 -15.3096
860 7.32199 -14.5056
861 8.14992 -13.9447
862 7.58034 -14.7667
863 6.84288 -14.0913
864 6.81863 -13.0916
865 6.91112 -14.0873
866 6.29054 -14.8714
867 7.28708 -14.9545
868 6.59088 -15.6723
869 7.51927 -15.3007
870 6.80312 -15.9987
871 7.7237 -15.6081
872 8.32027 -16.4107
873 7.34009 -16.6088
874 7.31597 -15.6091
875 8.21934 -15.1802
876 7.27227 -15.5013
877 6.36336 -15.9183
878 7.16326 -15.3181
879 6.20315 -15.0385
880 7.20201 -15.0863
881 8.19448 -14.9638
882 7.26584 -14.5928
883 7.84045 -13.7744
884 7.21117 -14.5516
885 6.21137 -14.5315
886 7.15431 -14.1985
887 6.33336 -13.6275
888 7.05409 -14.3208
889 6.45747 -13.5182
890 5.88033 -12.7016
891 6.15331 -13.6636
892 5.77066 -14.5875
893 4.88635 -14.1206
894 4.36874 -13.265
895 5.04204 -14.0044
896 4.64412 -13.0869
897 4.3777 -12.1231
898 5.17104 -12.7319
899 5.77108 -13.5318
900 5.67106 -12.5368
901 5.52073 -11.5482
902 5.58942 -12.5459
903 5.03361 -11.7145
904 5.4689 -12.6148
905 4.48941 -12.8163
906 3.74919 -13.4887
907 3.52533 -14.4633
908 3.01113 -13.6057
909 2.88707 -14.5979
910 1.99457 -14.1469
911 2.83565 -13.606
912 2.17512 -12.8552
913 2.04998 -13.8473
914 2.34342 -14.8033
915 2.87391 -15.651
916 1.93078 -15.3185
917 1.92923 -16.3185
918 1.90585 -17.3183
919 2.09351 -16.336
920 3.09201 -16.2814
921 4.08405 -16.4074
922 5.08369 -16.3807
923 4.29 -15.7724
924 5.21063 -15.3819
925 6.17578 -15.1202
926 6.9417 -14.4773
927 6.39514 -13.6399
928 7.26368 -13.1443
929 7.99288 -12.46
930 8.45551 -13.3465
931 9.07242 -12.5595
932 9.07803 -11.5595
933 9.16477 -12.5557
934 9.39243 -11.582
935 9.21499 -10.5978
936 9.92329 -11.3038
937 10.5056 -12.1167
938 11.282 -12.747
939 10.5485 -13.4266
940 11.5483 -13.4424
941 12.535 -13.6049
942 13.4458 -14.0178
943 14.4275 -13.827
944 14.1017 -14.7724
945 13.8602 -15.7428
946 13.4208 -14.8445
947 12.6692 -15.5041
948 13.4829 -16.0852
949 13.273 -15.1075
950 13.9272 -14.3512
951 13.1019 -14.916
952 13.1564 -15.9145
953 12.6511 -16.7774
954 13.012 -17.7101
955 12.9204 -18.7059
956 13.027 -17.7116
957 12.6293 -16.7941
958 12.0022 -16.0152
959 11.006 -16.1024
960 10.0816 -16.484
961 9.10787 -16.2564
962 8.1313 -16.0412
963 7.45001 -15.3092
964 7.22076 -14.3358
965 7.91012 -15.0603
966 7.50703 -15.9754
967 6.91268 -15.1712
968 7.90881 -15.0833
969 8.88016 -15.3209
970 9.82591 -14.996
971 10.5716 -15.6624
972 10.468 -16.657
973 10.8212 -15.7214
974 11.8193 -15.6601
975 11.0139 -16.2528
976 11.7188 -16.9621
977 12.1314 -17.873
978 12.8145 -17.1426
979 12.5926 -16.1675
980 12.0921 -17.0333
981 12.8752 -17.6552
982 12.0829 -18.2652
983 11.5868 -19.1335
984 12.3539 -18.492
985 13.3447 -18.6272
986 13.0379 -17.6754
987 12.9338 -16.6809
988 13.9022 -16.4313
989 13.1541 -17.0949
990 14.1314 -17.3067
991 15.1261 -17.2035
992 14.8142 -16.2534
993 13.9795 -16.8041
994 14.7573 -17.4325
995 15.4236 -18.1782
996 15.0482 -17.2514
997 15.3068 -18.2173
998 16.2867 -18.0177
999 16.7278 -17.1202
1000 16.6688 -16.122
