0 1 0
1 1.26766 0.886227
2 1.57117 1.25331
3 1.80186 1.53499
4 2.0211 1.77245
5 2.20845 1.98166
6 2.35298 2.1708
7 2.51342 2.34474
8 2.66008 2.50663
9 2.80224 2.65868
10 2.94076 2.8025
11 3.06991 2.93928
12 3.19525 3.06998
13 3.30965 3.19534
14 3.43106 3.31596
15 3.55765 3.43234
16 3.67459 3.54491
17 3.78799 3.65401
18 3.88985 3.75994
19 3.98952 3.86297
20 4.08753 3.96333
21 4.17924 4.0612
22 4.26963 4.15677
23 4.36027 4.2502
24 4.44659 4.34161
25 4.53154 4.43113
26 4.61095 4.51889
27 4.68985 4.60497
28 4.76627 4.68947
29 4.84885 4.77248
30 4.93019 4.85406
31 5.00867 4.9343
32 5.08384 5.01326
33 5.15181 5.09099
34 5.22564 5.16755
35 5.30414 5.24299
36 5.37668 5.31736
37 5.44396 5.39071
38 5.51702 5.46307
39 5.59167 5.53449
40 5.65524 5.60499
41 5.72247 5.67462
42 5.79737 5.74341
43 5.86839 5.81138
44 5.93522 5.87856
45 5.99006 5.94499
46 6.05139 6.01068
47 6.11904 6.07567
48 6.18273 6.13996
49 6.24364 6.20359
50 6.31125 6.26657
51 6.37885 6.32893
52 6.44238 6.39067
53 6.50908 6.45183
54 6.57139 6.51241
55 6.62639 6.57243
56 6.68322 6.63192
57 6.73276 6.69087
58 6.78416 6.7493
59 6.84448 6.80724
60 6.90003 6.86468
61 6.95738 6.92165
62 7.0027 6.97816
63 7.055 7.03421
64 7.1165 7.08982
65 7.17015 7.14499
66 7.2131 7.19974
67 7.27726 7.25408
68 7.32157 7.30801
69 7.37045 7.36155
70 7.42662 7.41471
71 7.48509 7.46748
72 7.5394 7.51988
73 7.59885 7.57193
74 7.6563 7.62361
75 7.70056 7.67495
76 7.75527 7.72595
77 7.80868 7.77661
78 7.85739 7.82694
79 7.89496 7.87696
80 7.94381 7.92665
81 7.99296 7.97604
82 8.04217 8.02513
83 8.08629 8.07391
84 8.13851 8.1224
85 8.19434 8.17061
86 8.24363 8.21853
87 8.28535 8.26617
88 8.33398 8.31355
89 8.38789 8.36065
90 8.43241 8.40749
91 8.48491 8.45407
92 8.52919 8.50039
93 8.58679 8.54646
94 8.63324 8.59229
95 8.68475 8.63787
96 8.73852 8.68322
97 8.77883 8.72832
98 8.83499 8.7732
99 8.87464 8.81785
100 8.91793 8.86227
101 8.96825 8.90647
102 9.01054 8.95045
103 9.04933 8.99422
104 9.09994 9.03778
105 9.15067 9.08112
106 9.18847 9.12426
107 9.23152 9.1672
108 9.26577 9.20994
109 9.31031 9.25248
110 9.34954 9.29483
111 9.40223 9.33698
112 9.45412 9.37894
113 9.49873 9.42072
114 9.53721 9.46231
115 9.58307 9.50372
116 9.63549 9.54496
117 9.67613 9.58601
118 9.706 9.62689
119 9.7614 9.66759
120 9.79878 9.70813
121 9.84205 9.7485
122 9.87722 9.7887
123 9.91089 9.82873
124 9.95759 9.86861
125 9.99269 9.90832
126 10.0245 9.94787
127 10.0717 9.98727
128 10.0962 10.0265
129 10.1448 10.0656
130 10.1767 10.1045
131 10.2121 10.1433
132 10.2464 10.182
133 10.2977 10.2205
134 10.3354 10.2588
135 10.3693 10.297
136 10.3991 10.3351
137 10.4366 10.373
138 10.4862 10.4108
139 10.5301 10.4485
140 10.5655 10.486
141 10.6056 10.5234
142 10.6526 10.5606
143 10.6831 10.5977
144 10.7082 10.6347
145 10.7356 10.6716
146 10.785 10.7083
147 10.8308 10.7449
148 10.8672 10.7814
149 10.909 10.8178
150 10.9291 10.854
151 10.9728 10.8901
152 11.0082 10.9261
153 11.0393 10.962
154 11.0737 10.9978
155 11.0971 11.0334
156 11.1379 11.069
157 11.1719 11.1044
158 11.2023 11.1397
159 11.2336 11.1749
160 11.2728 11.21
161 11.3016 11.245
162 11.3354 11.2798
163 11.3678 11.3146
164 11.408 11.3492
165 11.4414 11.3838
166 11.4911 11.4182
167 11.5265 11.4526
168 11.5506 11.4868
169 11.5895 11.521
170 11.6229 11.555
171 11.6674 11.5889
172 11.695 11.6228
173 11.7351 11.6565
174 11.7739 11.6901
175 11.8176 11.7237
176 11.8561 11.7571
177 11.8926 11.7905
178 11.9215 11.8237
179 11.9651 11.8569
180 12.0087 11.89
181 12.0454 11.923
182 12.0628 11.9559
183 12.1073 11.9887
184 12.1403 12.0214
185 12.177 12.054
186 12.2093 12.0865
187 12.2484 12.119
188 12.2888 12.1513
189 12.3202 12.1836
190 12.3568 12.2158
191 12.3862 12.2479
192 12.4078 12.2799
193 12.4454 12.3119
194 12.4873 12.3437
195 12.515 12.3755
196 12.5482 12.4072
197 12.5928 12.4388
198 12.6169 12.4703
199 12.6435 12.5018
200 12.686 12.5331
201 12.7105 12.5644
202 12.7437 12.5957
203 12.7721 12.6268
204 12.8028 12.6579
205 12.8419 12.6888
206 12.8746 12.7197
207 12.9064 12.7506
208 12.9386 12.7813
209 12.9675 12.812
210 12.9935 12.8426
211 13.0242 12.8732
212 13.0629 12.9037
213 13.0814 12.9341
214 13.1138 12.9644
215 13.1499 12.9946
216 13.1766 13.0248
217 13.202 13.0549
218 13.2305 13.085
219 13.2528 13.115
220 13.2984 13.1449
221 13.3193 13.1747
222 13.3509 13.2045
223 13.3763 13.2342
224 13.4155 13.2638
225 13.4466 13.2934
226 13.4726 13.3229
227 13.5031 13.3524
228 13.5266 13.3817
229 13.5495 13.411
230 13.5631 13.4403
231 13.5863 13.4695
232 13.6211 13.4986
233 13.6617 13.5277
234 13.6854 13.5567
235 13.7092 13.5856
236 13.7417 13.6145
237 13.7793 13.6433
238 13.8028 13.672
239 13.829 13.7007
240 13.8493 13.7294
241 13.8925 13.7579
242 13.9236 13.7865
243 13.9604 13.8149
244 13.9761 13.8433
245 14.002 13.8716
246 14.0272 13.8999
247 14.0499 13.9281
248 14.078 13.9563
249 14.0893 13.9844
250 14.1148 14.0125
251 14.136 14.0405
252 14.1641 14.0684
253 14.2055 14.0963
254 14.2302 14.1241
255 14.2665 14.1519
256 14.2985 14.1796
257 14.3184 14.2073
258 14.338 14.2349
259 14.3601 14.2625
260 14.3762 14.29
261 14.398 14.3174
262 14.4274 14.3448
263 14.4588 14.3722
264 14.4895 14.3995
265 14.5106 14.4267
266 14.5341 14.4539
267 14.5647 14.4811
268 14.5885 14.5082
269 14.6251 14.5352
270 14.6551 14.5622
271 14.6725 14.5891
272 14.6986 14.616
273 14.7283 14.6429
274 14.7594 14.6697
275 14.7879 14.6964
276 14.804 14.7231
277 14.8252 14.7498
278 14.8652 14.7764
279 14.8876 14.8029
280 14.9198 14.8294
281 14.9432 14.8559
282 14.9721 14.8823
283 14.994 14.9086
284 15.0197 14.935
285 15.0489 14.9612
286 15.0739 14.9875
287 15.0932 15.0136
288 15.1198 15.0398
289 15.1393 15.0659
290 15.161 15.0919
291 15.1927 15.1179
292 15.2275 15.1439
293 15.2508 15.1698
294 15.2884 15.1956
295 15.3067 15.2214
296 15.3223 15.2472
297 15.3434 15.273
298 15.3682 15.2986
299 15.3973 15.3243
300 15.4125 15.3499
301 15.4476 15.3755
302 15.4648 15.401
303 15.4863 15.4265
304 15.5203 15.4519
305 15.5478 15.4773
306 15.5787 15.5026
307 15.6074 15.528
308 15.6367 15.5532
309 15.6559 15.5784
310 15.6793 15.6036
311 15.6977 15.6288
312 15.7208 15.6539
313 15.7487 15.679
314 15.7679 15.704
315 15.7732 15.729
316 15.7934 15.7539
317 15.8197 15.7788
318 15.8434 15.8037
319 15.8616 15.8285
320 15.8917 15.8533
321 15.9231 15.8781
322 15.9495 15.9028
323 15.9785 15.9274
324 15.9909 15.9521
325 16.0217 15.9767
326 16.0389 16.0012
327 16.0518 16.0258
328 16.081 16.0503
329 16.1164 16.0747
330 16.1435 16.0991
331 16.1635 16.1235
332 16.1773 16.1478
333 16.198 16.1721
334 16.2229 16.1964
335 16.2374 16.2206
336 16.2632 16.2448
337 16.2877 16.269
338 16.3089 16.2931
339 16.3216 16.3172
340 16.3389 16.3412
341 16.3691 16.3652
342 16.3909 16.3892
343 16.4156 16.4132
344 16.4318 16.4371
345 16.4549 16.4609
346 16.4731 16.4848
347 16.4957 16.5086
348 16.5173 16.5323
349 16.5447 16.5561
350 16.5678 16.5798
351 16.5769 16.6035
352 16.6048 16.6271
353 16.6116 16.6507
354 16.6337 16.6743
355 16.6541 16.6978
356 16.6685 16.7213
357 16.6922 16.7448
358 16.724 16.7682
359 16.7386 16.7916
360 16.7664 16.815
361 16.7933 16.8383
362 16.8216 16.8616
363 16.8389 16.8849
364 16.8622 16.9081
365 16.8781 16.9313
366 16.9026 16.9545
367 16.9264 16.9777
368 16.9549 17.0008
369 16.9847 17.0239
370 17.0146 17.0469
371 17.0324 17.0699
372 17.0544 17.0929
373 17.0756 17.1159
374 17.1074 17.1388
375 17.1244 17.1617
376 17.1512 17.1846
377 17.1682 17.2074
378 17.2133 17.2302
379 17.2272 17.253
380 17.2563 17.2757
381 17.2893 17.2985
382 17.3168 17.3211
383 17.3467 17.3438
384 17.3534 17.3664
385 17.3791 17.389
386 17.408 17.4116
387 17.4346 17.4341
388 17.4578 17.4566
389 17.4725 17.4791
390 17.5068 17.5016
391 17.5227 17.524
392 17.5463 17.5464
393 17.564 17.5688
394 17.5936 17.5911
395 17.6059 17.6134
396 17.6253 17.6357
397 17.6416 17.6579
398 17.6536 17.6802
399 17.6596 17.7024
400 17.6776 17.7245
401 17.6963 17.7467
402 17.7207 17.7688
403 17.7428 17.7909
404 17.7673 17.8129
405 17.7977 17.835
406 17.8142 17.857
407 17.8333 17.879
408 17.8478 17.9009
409 17.8701 17.9228
410 17.8991 17.9447
411 17.922 17.9666
412 17.9419 17.9884
413 17.9709 18.0103
414 17.9917 18.0321
415 18.0204 18.0538
416 18.0336 18.0756
417 18.0492 18.0973
418 18.0891 18.119
419 18.1149 18.1406
420 18.1351 18.1622
421 18.1569 18.1839
422 18.1899 18.2054
423 18.2044 18.227
424 18.2098 18.2485
425 18.2389 18.27
426 18.2788 18.2915
427 18.3069 18.313
428 18.3326 18.3344
429 18.3591 18.3558
430 18.3843 18.3772
431 18.4086 18.3985
432 18.4471 18.4199
433 18.4769 18.4412
434 18.5073 18.4625
435 18.5165 18.4837
436 18.5404 18.505
437 18.5631 18.5262
438 18.5911 18.5474
439 18.6207 18.5685
440 18.6485 18.5897
441 18.6739 18.6108
442 18.6927 18.6319
443 18.7172 18.6529
444 18.7301 18.674
445 18.7515 18.695
446 18.7688 18.716
447 18.8017 18.7369
448 18.8212 18.7579
449 18.8467 18.7788
450 18.8727 18.7997
451 18.899 18.8206
452 18.9203 18.8414
453 18.9459 18.8623
454 18.9731 18.8831
455 18.9867 18.9039
456 19.0044 18.9246
457 19.0281 18.9454
458 19.0447 18.9661
459 19.067 18.9868
460 19.0855 19.0074
461 19.0951 19.0281
462 19.1181 19.0487
463 19.1464 19.0693
464 19.1637 19.0899
465 19.1847 19.1105
466 19.2104 19.131
467 19.237 19.1515
468 19.2622 19.172
469 19.2775 19.1925
470 19.293 19.2129
471 19.2981 19.2334
472 19.323 19.2538
473 19.3397 19.2742
474 19.3639 19.2945
475 19.3848 19.3149
476 19.419 19.3352
477 19.4345 19.3555
478 19.4538 19.3758
479 19.4722 19.396
480 19.4875 19.4163
481 19.5117 19.4365
482 19.5352 19.4567
483 19.5587 19.4768
484 19.5826 19.497
485 19.5959 19.5171
486 19.6208 19.5372
487 19.6305 19.5573
488 19.6483 19.5774
489 19.6643 19.5974
490 19.6694 19.6175
491 19.6888 19.6375
492 19.7024 19.6575
493 19.7248 19.6774
494 19.7434 19.6974
495 19.7484 19.7173
496 19.7814 19.7372
497 19.8106 19.7571
498 19.8336 19.777
499 19.846 19.7968
500 19.8526 19.8166
501 19.8664 19.8364
502 19.9 19.8562
503 19.9186 19.876
504 19.946 19.8957
505 19.9679 19.9155
506 19.9898 19.9352
507 20.012 19.9549
508 20.0353 19.9745
509 20.043 19.9942
510 20.0556 20.0138
511 20.0761 20.0334
512 20.1065 20.053
513 20.1293 20.0726
514 20.159 20.0922
515 20.1839 20.1117
516 20.2018 20.1312
517 20.2192 20.1507
518 20.2281 20.1702
519 20.2449 20.1896
520 20.2531 20.2091
521 20.2769 20.2285
522 20.2981 20.2479
523 20.3175 20.2673
524 20.3434 20.2867
525 20.359 20.306
526 20.3779 20.3253
527 20.4004 20.3447
528 20.4354 20.3639
529 20.4606 20.3832
530 20.4694 20.4025
531 20.4935 20.4217
532 20.5131 20.4409
533 20.5352 20.4601
534 20.5518 20.4793
535 20.575 20.4985
536 20.6066 20.5176
537 20.6385 20.5368
538 20.6578 20.5559
539 20.6876 20.575
540 20.7147 20.5941
541 20.7223 20.6131
542 20.7381 20.6322
543 20.7629 20.6512
544 20.7904 20.6702
545 20.8061 20.6892
546 20.8225 20.7081
547 20.8481 20.7271
548 20.8723 20.746
549 20.8801 20.765
550 20.9002 20.7839
551 20.9324 20.8027
552 20.9418 20.8216
553 20.9526 20.8405
554 20.9704 20.8593
555 20.989 20.8781
556 21.0041 20.8969
557 21.0228 20.9157
558 21.0355 20.9345
559 21.056 20.9532
560 21.0775 20.972
561 21.0862 20.9907
562 21.0974 21.0094
563 21.108 21.0281
564 21.1283 21.0467
565 21.1392 21.0654
566 21.1517 21.084
567 21.1679 21.1026
568 21.182 21.1212
569 21.1975 21.1398
570 21.2107 21.1584
571 21.231 21.1769
572 21.2478 21.1955
573 21.2658 21.214
574 21.288 21.2325
575 21.3184 21.251
576 21.3409 21.2694
577 21.3613 21.2879
578 21.3917 21.3063
579 21.4139 21.3248
580 21.449 21.3432
581 21.467 21.3616
582 21.494 21.3799
583 21.524 21.3983
584 21.5517 21.4166
585 21.5661 21.435
586 21.5877 21.4533
587 21.6167 21.4716
588 21.6392 21.4899
589 21.6536 21.5081
590 21.6736 21.5264
591 21.6913 21.5446
592 21.7052 21.5628
593 21.726 21.581
594 21.7405 21.5992
595 21.7537 21.6174
596 21.7776 21.6356
597 21.792 21.6537
598 21.7956 21.6718
599 21.8167 21.6899
600 21.8398 21.708
601 21.8651 21.7261
602 21.8886 21.7442
603 21.9083 21.7622
604 21.9322 21.7803
605 21.9339 21.7983
606 21.9545 21.8163
607 21.9956 21.8343
608 22.0031 21.8523
609 22.0299 21.8702
610 22.0373 21.8882
611 22.0382 21.9061
612 22.0564 21.924
613 22.0813 21.9419
614 22.0953 21.9598
615 22.1049 21.9777
616 22.1185 21.9956
617 22.1357 22.0134
618 22.1559 22.0313
619 22.1682 22.0491
620 22.1861 22.0669
621 22.2022 22.0847
622 22.2117 22.1024
623 22.2326 22.1202
624 22.2381 22.1379
625 22.2589 22.1557
626 22.2704 22.1734
627 22.2832 22.1911
628 22.2848 22.2088
629 22.2929 22.2265
630 22.3222 22.2441
631 22.3486 22.2618
632 22.3633 22.2794
633 22.3765 22.297
634 22.3744 22.3146
635 22.38 22.3322
636 22.4033 22.3498
637 22.4189 22.3674
638 22.4295 22.3849
639 22.4465 22.4024
640 22.4577 22.42
641 22.4644 22.4375
642 22.486 22.455
643 22.5009 22.4725
644 22.5235 22.4899
645 22.5495 22.5074
646 22.5699 22.5248
647 22.5881 22.5422
648 22.6098 22.5597
649 22.6246 22.5771
650 22.6473 22.5944
651 22.6704 22.6118
652 22.6967 22.6292
653 22.7142 22.6465
654 22.7308 22.6639
655 22.7484 22.6812
656 22.774 22.6985
657 22.7845 22.7158
658 22.8075 22.7331
659 22.8147 22.7503
660 22.8434 22.7676
661 22.8568 22.7848
662 22.8801 22.8021
663 22.8987 22.8193
664 22.9151 22.8365
665 22.9298 22.8537
666 22.9508 22.8708
667 22.9725 22.888
668 23.0023 22.9052
669 23.0114 22.9223
670 23.0251 22.9394
671 23.0378 22.9565
672 23.06 22.9736
673 23.0753 22.9907
674 23.0863 23.0078
675 23.0892 23.0249
676 23.1126 23.0419
677 23.1293 23.0589
678 23.1474 23.076
679 23.1565 23.093
680 23.1789 23.11
681 23.1791 23.127
682 23.2057 23.1439
683 23.215 23.1609
684 23.2266 23.1778
685 23.2512 23.1948
686 23.2649 23.2117
687 23.2808 23.2286
688 23.2933 23.2455
689 23.3048 23.2624
690 23.333 23.2793
691 23.347 23.2961
692 23.3624 23.313
693 23.3735 23.3298
694 23.399 23.3467
695 23.4194 23.3635
696 23.4313 23.3803
697 23.4429 23.3971
698 23.4571 23.4138
699 23.4785 23.4306
700 23.487 23.4474
701 23.5004 23.4641
702 23.5215 23.4808
703 23.5339 23.4976
704 23.5575 23.5143
705 23.5768 23.531
706 23.5888 23.5476
707 23.5986 23.5643
708 23.6243 23.581
709 23.6394 23.5976
710 23.6565 23.6142
711 23.6683 23.6309
712 23.6845 23.6475
713 23.6969 23.6641
714 23.7071 23.6807
715 23.7216 23.6973
716 23.7406 23.7138
717 23.7603 23.7304
718 23.784 23.7469
719 23.7798 23.7634
720 23.7984 23.78
721 23.8107 23.7965
722 23.833 23.813
723 23.8599 23.8295
724 23.8779 23.8459
725 23.9015 23.8624
726 23.9135 23.8788
727 23.9335 23.8953
728 23.9495 23.9117
729 23.9652 23.9281
730 23.9796 23.9445
731 23.9862 23.9609
732 24.0019 23.9773
733 24.017 23.9937
734 24.0339 24.01
735 24.0613 24.0264
736 24.0864 24.0427
737 24.1024 24.0591
738 24.1301 24.0754
739 24.1522 24.0917
740 24.1611 24.108
741 24.1812 24.1243
742 24.1975 24.1405
743 24.2112 24.1568
744 24.231 24.173
745 24.254 24.1893
746 24.2608 24.2055
747 24.2677 24.2217
748 24.2786 24.2379
749 24.296 24.2541
750 24.3134 24.2703
751 24.3438 24.2865
752 24.3628 24.3027
753 24.3731 24.3188
754 24.3798 24.335
755 24.4092 24.3511
756 24.4205 24.3672
757 24.4314 24.3833
758 24.4461 24.3994
759 24.4644 24.4155
760 24.4743 24.4316
761 24.4818 24.4477
762 24.4989 24.4637
763 24.5119 24.4798
764 24.5302 24.4958
765 24.5374 24.5118
766 24.5516 24.5278
767 24.5675 24.5438
768 24.5881 24.5598
769 24.606 24.5758
770 24.6347 24.5918
771 24.6362 24.6078
772 24.646 24.6237
773 24.6598 24.6397
774 24.6753 24.6556
775 24.6953 24.6715
776 24.7022 24.6874
777 24.7029 24.7033
778 24.7096 24.7192
779 24.7266 24.7351
780 24.7436 24.751
781 24.7468 24.7668
782 24.7652 24.7827
783 24.7851 24.7985
784 24.8036 24.8144
785 24.8187 24.8302
786 24.8221 24.846
787 24.8208 24.8618
788 24.8507 24.8776
789 24.8561 24.8934
790 24.8817 24.9091
791 24.897 24.9249
792 24.9221 24.9406
793 24.9298 24.9564
794 24.949 24.9721
795 24.9654 24.9878
796 24.9801 25.0035
797 25.0101 25.0192
798 25.0256 25.0349
799 25.0348 25.0506
800 25.0533 25.0663
801 25.0663 25.0819
802 25.0737 25.0976
803 25.0856 25.1132
804 25.1127 25.1289
805 25.1204 25.1445
806 25.1381 25.1601
807 25.1619 25.1757
808 25.1693 25.1913
809 25.1917 25.2069
810 25.2086 25.2225
811 25.2396 25.238
812 25.2593 25.2536
813 25.2796 25.2691
814 25.2985 25.2847
815 25.3171 25.3002
816 25.3236 25.3157
817 25.3419 25.3312
818 25.3509 25.3467
819 25.3606 25.3622
820 25.3754 25.3777
821 25.3859 25.3931
822 25.3866 25.4086
823 25.4024 25.4241
824 25.4134 25.4395
825 25.4201 25.4549
826 25.4347 25.4704
827 25.4563 25.4858
828 25.4778 25.5012
829 25.4763 25.5166
830 25.4919 25.532
831 25.5057 25.5473
832 25.5108 25.5627
833 25.5234 25.5781
834 25.5417 25.5934
835 25.543 25.6087
836 25.5451 25.6241
837 25.553 25.6394
838 25.5786 25.6547
839 25.6005 25.67
840 25.6101 25.6853
841 25.621 25.7006
842 25.6373 25.7159
843 25.6569 25.7311
844 25.6711 25.7464
845 25.6912 25.7616
846 25.7117 25.7769
847 25.7323 25.7921
848 25.7656 25.8073
849 25.7864 25.8225
850 25.7939 25.8377
851 25.8146 25.8529
852 25.8189 25.8681
853 25.8309 25.8833
854 25.84 25.8985
855 25.8634 25.9136
856 25.8706 25.9288
857 25.8854 25.9439
858 25.9031 25.959
859 25.9082 25.9742
860 25.9378 25.9893
861 25.9514 26.0044
862 25.972 26.0195
863 25.9866 26.0346
864 25.9989 26.0496
865 26.0246 26.0647
866 26.0456 26.0798
867 26.055 26.0948
868 26.068 26.1099
869 26.0756 26.1249
870 26.0899 26.1399
871 26.0944 26.155
872 26.0991 26.17
873 26.1079 26.185
874 26.112 26.2
875 26.1285 26.2149
876 26.1323 26.2299
877 26.1459 26.2449
878 26.1659 26.2598
879 26.1963 26.2748
880 26.2133 26.2897
881 26.2327 26.3047
882 26.2537 26.3196
883 26.2639 26.3345
884 26.2775 26.3494
885 26.2916 26.3643
886 26.3069 26.3792
887 26.324 26.3941
888 26.3355 26.409
889 26.3486 26.4238
890 26.373 26.4387
891 26.3883 26.4535
892 26.3992 26.4684
893 26.4206 26.4832
894 26.435 26.498
895 26.4446 26.5129
896 26.4622 26.5277
897 26.4925 26.5425
898 26.5226 26.5573
899 26.5381 26.572
900 26.5511 26.5868
901 26.5692 26.6016
902 26.5752 26.6163
903 26.5934 26.6311
904 26.6161 26.6458
905 26.6361 26.6606
906 26.6478 26.6753
907 26.663 26.69
908 26.6736 26.7047
909 26.6841 26.7194
910 26.6911 26.7341
911 26.7067 26.7488
912 26.7139 26.7635
913 26.7269 26.7781
914 26.7462 26.7928
915 26.7664 26.8074
916 26.7855 26.8221
917 26.7808 26.8367
918 26.8011 26.8514
919 26.8265 26.866
920 26.8462 26.8806
921 26.8606 26.8952
922 26.8561 26.9098
923 26.8821 26.9244
924 26.8957 26.939
925 26.9094 26.9535
926 26.9326 26.9681
927 26.9413 26.9827
928 26.9592 26.9972
929 26.9667 27.0118
930 26.9915 27.0263
931 27.0066 27.0408
932 27.0309 27.0553
933 27.0469 27.0698
934 27.0666 27.0843
935 27.0684 27.0988
936 27.0857 27.1133
937 27.0996 27.1278
938 27.1157 27.1423
939 27.1452 27.1567
940 27.165 27.1712
941 27.1664 27.1857
942 27.1877 27.2001
943 27.2072 27.2145
944 27.2117 27.229
945 27.2276 27.2434
946 27.236 27.2578
947 27.2538 27.2722
948 27.2785 27.2866
949 27.2866 27.301
950 27.3009 27.3153
951 27.3126 27.3297
952 27.3187 27.3441
953 27.3423 27.3584
954 27.3405 27.3728
955 27.3666 27.3871
956 27.3762 27.4015
957 27.3867 27.4158
958 27.4173 27.4301
959 27.4377 27.4444
960 27.4529 27.4587
961 27.4673 27.473
962 27.4962 27.4873
963 27.5049 27.5016
964 27.5286 27.5159
965 27.5285 27.5302
966 27.5438 27.5444
967 27.5549 27.5587
968 27.5698 27.5729
969 27.5858 27.5871
970 27.5986 27.6014
971 27.6137 27.6156
972 27.6277 27.6298
973 27.6353 27.644
974 27.646 27.6582
975 27.6538 27.6724
976 27.6829 27.6866
977 27.7129 27.7008
978 27.7176 27.715
979 27.734 27.7291
980 27.7575 27.7433
981 27.7647 27.7574
982 27.7858 27.7716
983 27.7929 27.7857
984 27.8041 27.7999
985 27.8152 27.814
986 27.8308 27.8281
987 27.8377 27.8422
988 27.8473 27.8563
989 27.8481 27.8704
990 27.8574 27.8845
991 27.8802 27.8986
992 27.886 27.9126
993 27.9074 27.9267
994 27.9231 27.9408
995 27.9385 27.9548
996 27.9461 27.9689
997 27.9583 27.9829
998 27.9743 27.9969
999 27.9738 28.0109
1000 27.9748 28.025
