0 0.497957 0
1 0.71831 0.44351
2 0.88643 0.627218
3 1.01805 0.768182
4 1.14065 0.88702
5 1.24912 0.991718
6 1.35075 1.08637
7 1.4451 1.17342
8 1.53042 1.25444
9 1.61143 1.33053
10 1.69242 1.4025
11 1.77235 1.47096
12 1.84413 1.53636
13 1.91968 1.5991
14 1.98919 1.65946
15 2.06211 1.71771
16 2.1252 1.77404
17 2.18138 1.82864
18 2.23987 1.88165
19 2.30027 1.93321
20 2.35084 1.98344
21 2.40848 2.03242
22 2.45705 2.08025
23 2.50913 2.127
24 2.55945 2.17275
25 2.60791 2.21755
26 2.65713 2.26147
27 2.70655 2.30454
28 2.75042 2.34683
29 2.79849 2.38837
30 2.84165 2.4292
31 2.88587 2.46936
32 2.93126 2.50887
33 2.97779 2.54777
34 3.025 2.58608
35 3.06697 2.62384
36 3.10565 2.66106
37 3.14519 2.69777
38 3.18935 2.73398
39 3.23021 2.76972
40 3.2691 2.805
41 3.31184 2.83985
42 3.3528 2.87427
43 3.39487 2.90829
44 3.43818 2.94191
45 3.47911 2.97515
46 3.51964 3.00803
47 3.54744 3.04055
48 3.58716 3.07273
49 3.6293 3.10457
50 3.67055 3.13609
51 3.70882 3.16729
52 3.74129 3.1982
53 3.7754 3.2288
54 3.80653 3.25912
55 3.83566 3.28916
56 3.86971 3.31892
57 3.90222 3.34843
58 3.93908 3.37767
59 3.97418 3.40666
60 4.0069 3.43541
61 4.03826 3.46392
62 4.06818 3.4922
63 4.10107 3.52025
64 4.1357 3.54808
65 4.16255 3.57569
66 4.19262 3.60309
67 4.231 3.63028
68 4.26443 3.65728
69 4.29224 3.68407
70 4.32104 3.71067
71 4.3533 3.73708
72 4.38477 3.76331
73 4.41238 3.78935
74 4.43957 3.81522
75 4.46581 3.84091
76 4.49475 3.86643
77 4.52062 3.89178
78 4.54855 3.91697
79 4.57106 3.942
80 4.59585 3.96687
81 4.62543 3.99159
82 4.65023 4.01615
83 4.67879 4.04057
84 4.70274 4.06484
85 4.72902 4.08896
86 4.75105 4.11294
87 4.78107 4.13678
88 4.814 4.16049
89 4.8336 4.18406
90 4.85553 4.2075
91 4.89155 4.23081
92 4.91908 4.254
93 4.94503 4.27705
94 4.97335 4.29999
95 4.99526 4.3228
96 5.01967 4.34549
97 5.04801 4.36807
98 5.07614 4.39052
99 5.10196 4.41287
100 5.12746 4.4351
101 5.14899 4.45722
102 5.17655 4.47923
103 5.209 4.50113
104 5.23607 4.52293
105 5.26732 4.54462
106 5.29206 4.56621
107 5.31766 4.5877
108 5.34314 4.60909
109 5.36414 4.63038
110 5.38568 4.65157
111 5.40317 4.67267
112 5.42224 4.69367
113 5.45034 4.71457
114 5.47389 4.73539
115 5.49533 4.75611
116 5.51634 4.77675
117 5.54338 4.79729
118 5.5679 4.81775
119 5.59232 4.83812
120 5.61816 4.85841
121 5.64211 4.87861
122 5.66219 4.89873
123 5.68707 4.91876
124 5.71143 4.93872
125 5.73477 4.95859
126 5.75529 4.97839
127 5.78184 4.9981
128 5.80549 5.01774
129 5.82699 5.0373
130 5.85601 5.05679
131 5.88027 5.0762
132 5.90329 5.09554
133 5.92828 5.11481
134 5.95238 5.134
135 5.97379 5.15312
136 5.99807 5.17217
137 6.01802 5.19115
138 6.04228 5.21006
139 6.06409 5.2289
140 6.08518 5.24768
141 6.11075 5.26639
142 6.13283 5.28503
143 6.14854 5.30361
144 6.17218 5.32212
145 6.19224 5.34057
146 6.21343 5.35895
147 6.23281 5.37727
148 6.25544 5.39553
149 6.27752 5.41373
150 6.29888 5.43186
151 6.32072 5.44994
152 6.3375 5.46796
153 6.35649 5.48591
154 6.37759 5.50381
155 6.3955 5.52165
156 6.41892 5.53944
157 6.44136 5.55716
158 6.45716 5.57483
159 6.48444 5.59245
160 6.50588 5.61001
161 6.52085 5.62751
162 6.54792 5.64496
163 6.5676 5.66235
164 6.59119 5.6797
165 6.61174 5.69699
166 6.6366 5.71422
167 6.65442 5.73141
168 6.67059 5.74854
169 6.68909 5.76563
170 6.70851 5.78266
171 6.73018 5.79964
172 6.75768 5.81658
173 6.78356 5.83346
174 6.80376 5.8503
175 6.82214 5.86708
176 6.84515 5.88382
177 6.86824 5.90052
178 6.88633 5.91716
179 6.90452 5.93376
180 6.91925 5.95031
181 6.93933 5.96682
182 6.9655 5.98328
183 6.98461 5.99969
184 6.99315 6.01606
185 7.01892 6.03239
186 7.03705 6.04867
187 7.05595 6.06491
188 7.07773 6.0811
189 7.09734 6.09725
190 7.12073 6.11336
191 7.13998 6.12943
192 7.16849 6.14545
193 7.18555 6.16144
194 7.20389 6.17738
195 7.22589 6.19328
196 7.23963 6.20914
197 7.25588 6.22496
198 7.28012 6.24074
199 7.29429 6.25648
200 7.3154 6.27218
201 7.33558 6.28784
202 7.35905 6.30346
203 7.37977 6.31904
204 7.39629 6.33459
205 7.40508 6.35009
206 7.42133 6.36556
207 7.44226 6.381
208 7.46252 6.39639
209 7.4761 6.41175
210 7.50136 6.42707
211 7.51591 6.44235
212 7.54106 6.4576
213 7.5572 6.47281
214 7.57429 6.48799
215 7.58984 6.50313
216 7.60748 6.51824
217 7.62047 6.53331
218 7.63778 6.54834
219 7.65421 6.56335
220 7.66788 6.57831
221 7.69259 6.59325
222 7.70506 6.60815
223 7.71906 6.62301
224 7.73496 6.63785
225 7.75096 6.65265
226 7.77106 6.66742
227 7.79105 6.68215
228 7.80214 6.69685
229 7.82377 6.71152
230 7.84288 6.72616
231 7.85176 6.74077
232 7.86919 6.75534
233 7.88317 6.76988
234 7.89936 6.7844
235 7.91365 6.79888
236 7.93213 6.81333
237 7.94809 6.82775
238 7.96614 6.84214
239 7.98445 6.8565
240 8.00229 6.87083
241 8.01944 6.88512
242 8.0372 6.89939
243 8.04518 6.91363
244 8.05072 6.92785
245 8.058 6.94203
246 8.07282 6.95618
247 8.09106 6.9703
248 8.10415 6.9844
249 8.1228 6.99847
250 8.14192 7.01251
251 8.15397 7.02652
252 8.16494 7.0405
253 8.18739 7.05446
254 8.19778 7.06838
255 8.21491 7.08228
256 8.23276 7.09616
257 8.25097 7.11
258 8.27254 7.12382
259 8.28607 7.13762
260 8.30479 7.15138
261 8.31754 7.16512
262 8.33782 7.17883
263 8.35826 7.19252
264 8.36546 7.20618
265 8.37704 7.21982
266 8.39269 7.23343
267 8.41461 7.24701
268 8.43214 7.26057
269 8.44282 7.2741
270 8.45583 7.28761
271 8.46991 7.30109
272 8.48117 7.31455
273 8.50465 7.32799
274 8.52183 7.34139
275 8.54005 7.35478
276 8.55487 7.36814
277 8.57294 7.38148
278 8.59052 7.39479
279 8.60958 7.40808
280 8.62048 7.42134
281 8.64018 7.43458
282 8.65478 7.4478
283 8.67 7.46099
284 8.68629 7.47416
285 8.70238 7.48731
286 8.7097 7.50043
287 8.72049 7.51353
288 8.73013 7.52661
289 8.74827 7.53967
290 8.76528 7.5527
291 8.7859 7.56571
292 8.80305 7.5787
293 8.81533 7.59167
294 8.833 7.60461
295 8.8433 7.61753
296 8.86919 7.63043
297 8.87837 7.64331
298 8.88576 7.65617
299 8.90417 7.669
300 8.91717 7.68182
301 8.93026 7.69461
302 8.94362 7.70738
303 8.95896 7.72013
304 8.98121 7.73286
305 9.00018 7.74557
306 9.02052 7.75825
307 9.03488 7.77092
308 9.04661 7.78357
309 9.06089 7.79619
310 9.07628 7.8088
311 9.0945 7.82138
312 9.10866 7.83395
313 9.12763 7.84649
314 9.14334 7.85901
315 9.15356 7.87152
316 9.17263 7.884
317 9.19278 7.89647
318 9.20724 7.90891
319 9.22359 7.92134
320 9.22878 7.93375
321 9.24314 7.94613
322 9.26359 7.9585
323 9.28086 7.97085
324 9.28798 7.98318
325 9.30362 7.99549
326 9.32308 8.00778
327 9.33797 8.02005
328 9.35252 8.03231
329 9.36902 8.04454
330 9.38273 8.05676
331 9.38715 8.06895
332 9.397 8.08113
333 9.41115 8.0933
334 9.42056 8.10544
335 9.43581 8.11756
336 9.44508 8.12967
337 9.46302 8.14176
338 9.47723 8.15383
339 9.48412 8.16588
340 9.49573 8.17792
341 9.50816 8.18994
342 9.5265 8.20194
343 9.53656 8.21392
344 9.55087 8.22588
345 9.55313 8.23783
346 9.56348 8.24976
347 9.58117 8.26167
348 9.59393 8.27357
349 9.61439 8.28545
350 9.62788 8.29731
351 9.64104 8.30915
352 9.65704 8.32098
353 9.66839 8.33279
354 9.68587 8.34459
355 9.69904 8.35637
356 9.70757 8.36813
357 9.7174 8.37987
358 9.7285 8.3916
359 9.74488 8.40331
360 9.75108 8.41501
361 9.76224 8.42669
362 9.77139 8.43835
363 9.7887 8.45
364 9.80147 8.46163
365 9.81337 8.47324
366 9.82168 8.48484
367 9.83505 8.49643
368 9.84503 8.50799
369 9.8613 8.51955
370 9.88202 8.53108
371 9.89445 8.5426
372 9.90915 8.55411
373 9.92627 8.5656
374 9.94249 8.57707
375 9.96474 8.58853
376 9.97587 8.59998
377 9.98755 8.6114
378 10.0013 8.62282
379 10.0146 8.63422
380 10.0276 8.6456
381 10.0385 8.65697
382 10.056 8.66832
383 10.0685 8.67966
384 10.0814 8.69098
385 10.0994 8.70229
386 10.1156 8.71359
387 10.1293 8.72487
388 10.1427 8.73613
389 10.1581 8.74738
390 10.1704 8.75862
391 10.1769 8.76984
392 10.1823 8.78105
393 10.1934 8.79224
394 10.2093 8.80342
395 10.2146 8.81458
396 10.2339 8.82573
397 10.2487 8.83687
398 10.257 8.84799
399 10.2692 8.8591
400 10.2789 8.8702
401 10.2901 8.88128
402 10.2995 8.89235
403 10.3152 8.9034
404 10.3298 8.91444
405 10.3435 8.92546
406 10.3489 8.93648
407 10.3668 8.94748
408 10.3828 8.95846
409 10.4014 8.96943
410 10.4214 8.98039
411 10.4328 8.99134
412 10.4412 9.00227
413 10.4524 9.01319
414 10.4688 9.02409
415 10.4856 9.03498
416 10.4993 9.04586
417 10.5163 9.05673
418 10.532 9.06758
419 10.547 9.07842
420 10.5565 9.08925
421 10.5673 9.10006
422 10.584 9.11086
423 10.5907 9.12165
424 10.6106 9.13243
425 10.6212 9.14319
426 10.6326 9.15394
427 10.6419 9.16468
428 10.652 9.1754
429 10.6567 9.18612
430 10.6657 9.19682
431 10.6756 9.2075
432 10.6868 9.21818
433 10.7114 9.22884
434 10.7312 9.23949
435 10.7385 9.25013
436 10.747 9.26076
437 10.7523 9.27137
438 10.7672 9.28197
439 10.7853 9.29256
440 10.7999 9.30314
441 10.8111 9.31371
442 10.8258 9.32426
443 10.8362 9.3348
444 10.8393 9.34533
445 10.8525 9.35585
446 10.8636 9.36636
447 10.876 9.37685
448 10.894 9.38733
449 10.908 9.39781
450 10.9139 9.40827
451 10.9199 9.41871
452 10.9316 9.42915
453 10.9415 9.43957
454 10.9557 9.44999
455 10.9605 9.46039
456 10.9731 9.47078
457 10.9888 9.48116
458 11.0052 9.49153
459 11.0125 9.50188
460 11.0266 9.51223
461 11.0441 9.52256
462 11.0582 9.53288
463 11.0753 9.54319
464 11.0885 9.55349
465 11.0976 9.56378
466 11.1116 9.57406
467 11.122 9.58433
468 11.1375 9.59459
469 11.1455 9.60483
470 11.1545 9.61506
471 11.1567 9.62529
472 11.1722 9.6355
473 11.1927 9.6457
474 11.2057 9.65589
475 11.2111 9.66607
476 11.2311 9.67624
477 11.2409 9.6864
478 11.2562 9.69655
479 11.2714 9.70669
480 11.2803 9.71681
481 11.2914 9.72693
482 11.2945 9.73704
483 11.3099 9.74713
484 11.3257 9.75722
485 11.335 9.76729
486 11.3473 9.77736
487 11.3682 9.78741
488 11.3812 9.79745
489 11.3915 9.80749
490 11.399 9.81751
491 11.4066 9.82752
492 11.418 9.83752
493 11.4324 9.84752
494 11.4459 9.8575
495 11.4601 9.86747
496 11.4693 9.87743
497 11.4784 9.88739
498 11.4924 9.89733
499 11.5057 9.90726
500 11.5197 9.91718
501 11.5265 9.92709
502 11.5364 9.937
503 11.5446 9.94689
504 11.5452 9.95677
505 11.5524 9.96664
506 11.5612 9.97651
507 11.5738 9.98636
508 11.5878 9.9962
509 11.5952 10.006
510 11.6028 10.0159
511 11.6115 10.0257
512 11.619 10.0355
513 11.6303 10.0453
514 11.6398 10.0551
515 11.6456 10.0648
516 11.6503 10.0746
517 11.6662 10.0844
518 11.6757 10.0941
519 11.6856 10.1039
520 11.6962 10.1136
521 11.7152 10.1233
522 11.7182 10.133
523 11.7264 10.1427
524 11.7379 10.1524
525 11.7543 10.1621
526 11.759 10.1718
527 11.7696 10.1814
528 11.7829 10.1911
529 11.7978 10.2007
530 11.8098 10.2104
531 11.8191 10.22
532 11.833 10.2296
533 11.8445 10.2392
534 11.8552 10.2488
535 11.8771 10.2584
536 11.8875 10.268
537 11.901 10.2776
538 11.9168 10.2871
539 11.93 10.2967
540 11.9284 10.3062
541 11.9352 10.3158
542 11.9494 10.3253
543 11.9519 10.3348
544 11.9633 10.3443
545 11.9757 10.3538
546 11.9901 10.3633
547 12.0015 10.3728
548 12.0169 10.3823
549 12.0295 10.3918
550 12.0364 10.4012
551 12.0493 10.4107
552 12.0605 10.4201
553 12.0758 10.4296
554 12.0903 10.439
555 12.1023 10.4484
556 12.105 10.4578
557 12.1157 10.4672
558 12.1295 10.4766
559 12.1369 10.486
560 12.1431 10.4954
561 12.1523 10.5047
562 12.163 10.5141
563 12.171 10.5234
564 12.1839 10.5328
565 12.1884 10.5421
566 12.1986 10.5514
567 12.2113 10.5608
568 12.2196 10.5701
569 12.2277 10.5794
570 12.2366 10.5887
571 12.2505 10.5979
572 12.2563 10.6072
573 12.2618 10.6165
574 12.2632 10.6257
575 12.2813 10.635
576 12.2922 10.6442
577 12.3062 10.6535
578 12.3137 10.6627
579 12.331 10.6719
580 12.3411 10.6811
581 12.3531 10.6903
582 12.3629 10.6995
583 12.376 10.7087
584 12.3832 10.7179
585 12.3947 10.7271
586 12.4073 10.7362
587 12.42 10.7454
588 12.4354 10.7545
589 12.4443 10.7637
590 12.4499 10.7728
591 12.4586 10.7819
592 12.4682 10.7911
593 12.4759 10.8002
594 12.4865 10.8093
595 12.4973 10.8184
596 12.5108 10.8275
597 12.5239 10.8365
598 12.5371 10.8456
599 12.5506 10.8547
600 12.5632 10.8637
601 12.57 10.8728
602 12.5823 10.8818
603 12.5909 10.8909
604 12.5977 10.8999
605 12.6079 10.9089
606 12.6202 10.9179
607 12.6323 10.9269
608 12.6536 10.9359
609 12.6644 10.9449
610 12.6713 10.9539
611 12.6805 10.9629
612 12.6942 10.9718
613 12.7046 10.9808
614 12.7122 10.9897
615 12.7256 10.9987
616 12.7347 11.0076
617 12.7452 11.0166
618 12.7532 11.0255
619 12.7613 11.0344
620 12.778 11.0433
621 12.7881 11.0522
622 12.8001 11.0611
623 12.803 11.07
624 12.8149 11.0789
625 12.8274 11.0877
626 12.8451 11.0966
627 12.8585 11.1055
628 12.8726 11.1143
629 12.8857 11.1232
630 12.8949 11.132
631 12.902 11.1408
632 12.9101 11.1497
633 12.9156 11.1585
634 12.9237 11.1673
635 12.9337 11.1761
636 12.9492 11.1849
637 12.9587 11.1937
638 12.9739 11.2025
639 12.9833 11.2112
640 12.9964 11.22
641 13.0052 11.2288
642 13.0039 11.2375
643 13.0126 11.2463
644 13.018 11.255
645 13.0315 11.2638
646 13.0431 11.2725
647 13.059 11.2812
648 13.064 11.2899
649 13.0747 11.2986
650 13.0861 11.3073
651 13.0959 11.316
652 13.1058 11.3247
653 13.1092 11.3334
654 13.1162 11.3421
655 13.1271 11.3507
656 13.1394 11.3594
657 13.1471 11.368
658 13.1661 11.3767
659 13.1769 11.3853
660 13.1924 11.394
661 13.2037 11.4026
662 13.2162 11.4112
663 13.2296 11.4198
664 13.2394 11.4284
665 13.2492 11.4371
666 13.2542 11.4456
667 13.2581 11.4542
668 13.2677 11.4628
669 13.277 11.4714
670 13.2891 11.48
671 13.2965 11.4885
672 13.3031 11.4971
673 13.3152 11.5056
674 13.3232 11.5142
675 13.3292 11.5227
676 13.3323 11.5313
677 13.346 11.5398
678 13.3624 11.5483
679 13.3726 11.5568
680 13.3848 11.5653
681 13.4 11.5738
682 13.4088 11.5823
683 13.4225 11.5908
684 13.4341 11.5993
685 13.4469 11.6078
686 13.4545 11.6162
687 13.4628 11.6247
688 13.4718 11.6332
689 13.476 11.6416
690 13.4857 11.6501
691 13.4892 11.6585
692 13.4982 11.6669
693 13.5099 11.6753
694 13.5157 11.6838
695 13.5301 11.6922
696 13.5357 11.7006
697 13.5436 11.709
698 13.548 11.7174
699 13.5571 11.7258
700 13.5666 11.7342
701 13.5831 11.7425
702 13.5995 11.7509
703 13.6019 11.7593
704 13.6097 11.7676
705 13.6166 11.776
706 13.6345 11.7844
707 13.6421 11.7927
708 13.6475 11.801
709 13.6634 11.8094
710 13.6806 11.8177
711 13.6891 11.826
712 13.6954 11.8343
713 13.7069 11.8426
714 13.721 11.8509
715 13.7306 11.8592
716 13.7326 11.8675
717 13.7473 11.8758
718 13.7547 11.8841
719 13.7659 11.8924
720 13.7732 11.9006
721 13.7816 11.9089
722 13.788 11.9171
723 13.797 11.9254
724 13.8085 11.9336
725 13.8291 11.9419
726 13.8382 11.9501
727 13.8493 11.9583
728 13.8532 11.9666
729 13.8646 11.9748
730 13.8711 11.983
731 13.8737 11.9912
732 13.8852 11.9994
733 13.8927 12.0076
734 13.8997 12.0158
735 13.9127 12.0239
736 13.9275 12.0321
737 13.9311 12.0403
738 13.9388 12.0485
739 13.9557 12.0566
740 13.9681 12.0648
741 13.9806 12.0729
742 13.9869 12.0811
743 13.9986 12.0892
744 14.0119 12.0973
745 14.0205 12.1055
746 14.0331 12.1136
747 14.0363 12.1217
748 14.051 12.1298
749 14.0618 12.1379
750 14.0665 12.146
751 14.0782 12.1541
752 14.0807 12.1622
753 14.0855 12.1703
754 14.0962 12.1784
755 14.1019 12.1864
756 14.1143 12.1945
757 14.1251 12.2026
758 14.1328 12.2106
759 14.1453 12.2187
760 14.149 12.2267
761 14.1651 12.2348
762 14.1777 12.2428
763 14.1892 12.2508
764 14.1992 12.2589
765 14.2063 12.2669
766 14.2205 12.2749
767 14.2333 12.2829
768 14.236 12.2909
769 14.2412 12.2989
770 14.2474 12.3069
771 14.2626 12.3149
772 14.2692 12.3229
773 14.2829 12.3309
774 14.2885 12.3388
775 14.2956 12.3468
776 14.2976 12.3548
777 14.3015 12.3627
778 14.3082 12.3707
779 14.3215 12.3786
780 14.3286 12.3866
781 14.338 12.3945
782 14.3421 12.4024
783 14.3475 12.4104
784 14.3572 12.4183
785 14.3682 12.4262
786 14.3791 12.4341
787 14.3848 12.442
788 14.3871 12.4499
789 14.3933 12.4578
790 14.4034 12.4657
791 14.4093 12.4736
792 14.4172 12.4815
793 14.4213 12.4894
794 14.4291 12.4972
795 14.437 12.5051
796 14.4513 12.513
797 14.4598 12.5208
798 14.4724 12.5287
799 14.4806 12.5365
800 14.4892 12.5444
801 14.5 12.5522
802 14.5066 12.56
803 14.5152 12.5679
804 14.5257 12.5757
805 14.542 12.5835
806 14.5524 12.5913
807 14.5639 12.5991
808 14.569 12.6069
809 14.5862 12.6147
810 14.5959 12.6225
811 14.6037 12.6303
812 14.6153 12.6381
813 14.6294 12.6459
814 14.6418 12.6536
815 14.653 12.6614
816 14.6612 12.6692
817 14.6753 12.6769
818 14.6855 12.6847
819 14.6954 12.6924
820 14.7026 12.7002
821 14.7088 12.7079
822 14.722 12.7157
823 14.7325 12.7234
824 14.7407 12.7311
825 14.7482 12.7389
826 14.7586 12.7466
827 14.7689 12.7543
828 14.7743 12.762
829 14.7849 12.7697
830 14.796 12.7774
831 14.8042 12.7851
832 14.8136 12.7928
833 14.8254 12.8005
834 14.8314 12.8081
835 14.8407 12.8158
836 14.8475 12.8235
837 14.855 12.8312
838 14.8638 12.8388
839 14.8701 12.8465
840 14.8737 12.8541
841 14.883 12.8618
842 14.8964 12.8694
843 14.9077 12.8771
844 14.9155 12.8847
845 14.9258 12.8923
846 14.9339 12.9
847 14.944 12.9076
848 14.9495 12.9152
849 14.9567 12.9228
850 14.9689 12.9304
851 14.9762 12.938
852 14.9829 12.9456
853 14.9929 12.9532
854 14.9999 12.9608
855 15.0048 12.9684
856 15.0143 12.976
857 15.0275 12.9836
858 15.0335 12.9911
859 15.0457 12.9987
860 15.0617 13.0063
861 15.066 13.0138
862 15.0736 13.0214
863 15.0849 13.0289
864 15.0944 13.0365
865 15.1129 13.044
866 15.1188 13.0516
867 15.1277 13.0591
868 15.1357 13.0666
869 15.1489 13.0741
870 15.1612 13.0817
871 15.1691 13.0892
872 15.18 13.0967
873 15.1907 13.1042
874 15.1971 13.1117
875 15.2042 13.1192
876 15.2158 13.1267
877 15.2226 13.1342
878 15.2331 13.1417
879 15.2423 13.1492
880 15.2531 13.1566
881 15.2637 13.1641
882 15.2727 13.1716
883 15.2768 13.179
884 15.2849 13.1865
885 15.2873 13.194
886 15.2938 13.2014
887 15.2969 13.2089
888 15.3064 13.2163
889 15.3144 13.2237
890 15.3203 13.2312
891 15.3288 13.2386
892 15.336 13.246
893 15.3394 13.2535
894 15.3428 13.2609
895 15.3492 13.2683
896 15.3632 13.2757
897 15.3689 13.2831
898 15.381 13.2905
899 15.3894 13.2979
900 15.3979 13.3053
901 15.4083 13.3127
902 15.418 13.3201
903 15.4293 13.3275
904 15.4413 13.3348
905 15.4508 13.3422
906 15.4517 13.3496
907 15.4639 13.3569
908 15.4718 13.3643
909 15.4777 13.3717
910 15.4889 13.379
911 15.4955 13.3864
912 15.4999 13.3937
913 15.501 13.401
914 15.5103 13.4084
915 15.5222 13.4157
916 15.5259 13.423
917 15.5366 13.4304
918 15.5482 13.4377
919 15.5569 13.445
920 15.5693 13.4523
921 15.577 13.4596
922 15.5881 13.4669
923 15.5923 13.4742
924 15.602 13.4815
925 15.6146 13.4888
926 15.6242 13.4961
927 15.6361 13.5034
928 15.6429 13.5107
929 15.6535 13.518
930 15.663 13.5252
931 15.6695 13.5325
932 15.6798 13.5398
933 15.6889 13.547
934 15.7007 13.5543
935 15.71 13.5615
936 15.7059 13.5688
937 15.7154 13.576
938 15.722 13.5833
939 15.7319 13.5905
940 15.7357 13.5978
941 15.7441 13.605
942 15.7555 13.6122
943 15.7659 13.6194
944 15.7784 13.6267
945 15.7868 13.6339
946 15.8014 13.6411
947 15.8037 13.6483
948 15.8153 13.6555
949 15.8272 13.6627
950 15.8445 13.6699
951 15.8571 13.6771
952 15.8641 13.6843
953 15.8735 13.6915
954 15.8765 13.6986
955 15.8952 13.7058
956 15.9063 13.713
957 15.9143 13.7202
958 15.9199 13.7273
959 15.9255 13.7345
960 15.9305 13.7417
961 15.9378 13.7488
962 15.9447 13.756
963 15.9462 13.7631
964 15.9522 13.7702
965 15.963 13.7774
966 15.9711 13.7845
967 15.9814 13.7917
968 15.9864 13.7988
969 15.9946 13.8059
970 15.9996 13.813
971 16.0088 13.8202
972 16.0175 13.8273
973 16.0255 13.8344
974 16.0425 13.8415
975 16.0516 13.8486
976 16.0622 13.8557
977 16.0751 13.8628
978 16.0782 13.8699
979 16.0891 13.877
980 16.0894 13.8841
981 16.0992 13.8911
982 16.1043 13.8982
983 16.1153 13.9053
984 16.1256 13.9124
985 16.1327 13.9194
986 16.1359 13.9265
987 16.1477 13.9336
988 16.1512 13.9406
989 16.1569 13.9477
990 16.1674 13.9547
991 16.1773 13.9618
992 16.1935 13.9688
993 16.1949 13.9758
994 16.2019 13.9829
995 16.2055 13.9899
996 16.2098 13.9969
997 16.2184 14.004
998 16.2297 14.011
999 16.2437 14.018
1000 16.2517 14.025
