0 0 0
1 0.926619 -0.0270863
2 1.31842 -0.25534
3 1.86514 0.300777
4 1.49289 -0.175455
5 1.0766 -0.473014
6 1.025 -0.682448
7 1.02847 -0.661523
8 0.609972 -1.30201
9 0.357276 -1.29554
10 -0.289156 -1.27775
11 -0.590471 -1.87191
12 -1.12444 -1.74672
13 -1.50889 -0.987485
14 -1.67908 -0.743519
15 -1.90367 -1.45638
16 -2.76278 -1.59207
17 -2.89631 -1.05239
18 -2.60118 -1.67956
19 -3.32671 -2.28032
20 -3.30045 -1.55913
21 -2.93076 -0.659717
22 -2.60948 -0.779037
23 -2.78479 -0.86727
24 -2.75676 -0.895604
25 -3.496 -0.540148
26 -3.60127 -0.0271891
27 -3.99796 -0.293923
28 -4.30482 -0.922327
29 -3.65291 -0.652191
30 -3.7334 -0.660178
31 -4.16189 -0.643512
32 -4.68046 -0.664604
33 -4.96319 -0.304191
34 -4.87084 -1.07186
35 -4.8085 -0.148678
36 -4.84783 -0.790249
37 -4.19935 -0.0947573
38 -4.29871 -0.49653
39 -4.27881 -0.311849
40 -4.26768 0.169372
41 -4.06518 1.13166
42 -3.60012 1.22556
43 -3.83475 0.515268
44 -4.38637 0.282898
45 -4.22289 0.122774
46 -4.28225 0.078351
47 -4.74648 0.0581585
48 -4.76892 0.460623
49 -4.8087 0.157625
50 -5.01746 0.507189
51 -4.42094 0.339847
52 -5.18941 0.861019
53 -5.04248 0.00956278
54 -5.01178 -0.0163644
55 -4.98574 0.010585
56 -5.52557 0.173699
57 -5.39866 0.122813
58 -5.81749 0.436749
59 -5.30232 0.761109
60 -4.88897 0.146714
61 -3.98276 -0.22252
62 -3.87984 -0.379567
63 -3.84096 -0.243648
64 -3.55159 -0.141886
65 -4.20336 0.284377
66 -4.56944 0.160317
67 -4.45411 0.232326
68 -3.95144 -0.433489
69 -3.48657 -0.399152
70 -2.99919 -0.249605
71 -2.99143 -0.321402
72 -3.03624 -0.309424
73 -2.83469 -0.576396
74 -2.8556 -0.60598
75 -2.65191 -0.137104
76 -2.74367 0.150007
77 -2.06006 0.250845
78 -2.12698 0.171839
79 -1.91438 0.123662
80 -2.50495 -0.416549
81 -2.72888 -0.39016
82 -2.85502 -0.458358
83 -2.79554 -1.37581
84 -2.90306 -1.22966
85 -3.10229 -0.352507
86 -2.92287 -1.1911
87 -3.60723 -1.30596
88 -3.61826 -1.53999
89 -4.17215 -0.807846
90 -3.83935 -1.34173
91 -3.90599 -0.795636
92 -4.25602 -0.911137
93 -4.109 -0.995927
94 -3.68171 -0.162759
95 -3.6862 0.777641
96 -3.91821 0.790907
97 -4.06822 0.993131
98 -4.59988 0.699573
99 -3.83307 0.556109
100 -4.1424 0.680923
101 -4.36315 0.112692
102 -4.78763 -0.0156089
103 -5.17422 0.060033
104 -5.33579 -0.652125
105 -5.31391 -0.63862
106 -5.6826 -1.38554
107 -5.36386 -0.936584
108 -6.05135 -1.13369
109 -6.11792 -1.83145
110 -6.07863 -1.26885
111 -5.38054 -1.31276
112 -5.00768 -1.66254
113 -5.11603 -1.16774
114 -5.74318 -1.22396
115 -5.99787 -0.61646
116 -6.2635 -1.20211
117 -6.3418 -1.19595
118 -6.3539 -1.223
119 -6.53503 -1.16386
120 -7.10326 -0.7159
121 -7.90575 -0.281275
122 -7.31137 -0.0147414
123 -8.16699 -0.343353
124 -8.08744 -1.30234
125 -7.79776 -0.757487
126 -7.79986 -0.79288
127 -7.87755 -0.777375
128 -7.61111 -1.1368
129 -7.65199 -1.12024
130 -7.15648 -1.14515
131 -6.99968 -1.234
132 -6.95834 -1.299
133 -6.97918 -0.940792
134 -7.64705 -0.765883
135 -8.1129 0.00795473
136 -8.40951 0.296189
137 -8.37574 0.211659
138 -7.56385 -0.133247
139 -7.8566 -0.00767614
140 -8.76236 -0.0556566
141 -9.51833 -0.704789
142 -9.63446 -1.09268
143 -8.81642 -0.755031
144 -8.50784 -0.913838
145 -8.24343 -0.348706
146 -8.25656 -0.339527
147 -8.11093 -0.266118
148 -8.40319 -0.0397837
149 -8.97607 -0.717173
150 -9.67157 -0.388093
151 -9.7729 -0.0691861
152 -9.92619 0.372434
153 -9.76803 0.512567
154 -10.4616 0.589344
155 -11.0428 0.715909
156 -11.6508 1.09915
157 -12.1379 0.707936
158 -12.9719 0.704954
159 -12.845 -0.113852
160 -13.0976 -0.646853
161 -12.9809 -0.855523
162 -13.5269 -1.59624
163 -12.9651 -2.12127
164 -12.9862 -2.10288
165 -13.1067 -2.22796
166 -13.4066 -1.50527
167 -14.0832 -0.992885
168 -13.7799 -1.01464
169 -14.3956 -1.57685
170 -15.0897 -1.65988
171 -14.5787 -1.73655
172 -14.0719 -2.17034
173 -14.126 -2.60667
174 -14.1035 -2.67474
175 -13.7283 -2.60965
176 -13.6856 -1.92686
177 -14.1469 -1.17518
178 -13.394 -1.08036
179 -13.499 -0.799216
180 -13.5383 -0.194927
181 -12.6042 -0.120162
182 -12.4988 -0.660442
183 -12.3559 -1.60799
184 -12.4301 -2.1055
185 -12.0881 -2.63765
186 -12.1027 -2.57401
187 -12.3422 -2.25157
188 -12.5791 -1.98875
189 -12.4226 -2.47439
190 -12.0157 -3.2235
191 -11.4956 -3.96574
192 -11.8784 -3.37656
193 -12.3853 -2.65491
194 -12.4063 -3.11921
195 -12.5129 -3.1983
196 -12.3642 -3.04518
197 -12.7603 -2.59181
198 -13.1489 -3.48776
199 -13.5099 -3.57826
200 -13.5678 -3.57539
201 -14.2181 -4.05579
202 -14.5283 -4.936
203 -14.3647 -4.28516
204 -14.5357 -4.31243
205 -14.8725 -4.62824
206 -14.5884 -3.8774
207 -14.6852 -3.46811
208 -14.6406 -3.27456
209 -14.6119 -3.51869
210 -14.5395 -3.87526
211 -14.6344 -3.91142
212 -14.2992 -4.46318
213 -14.174 -4.62866
214 -15.0384 -4.14711
215 -14.7328 -3.73931
216 -14.6579 -3.77862
217 -14.4686 -3.36895
218 -14.0368 -2.74467
219 -14.8408 -2.85747
220 -14.3769 -3.57493
221 -14.6536 -3.33377
222 -15.0159 -2.66356
223 -15.045 -2.87135
224 -14.3593 -2.98712
225 -14.1279 -3.80737
226 -14.0777 -3.77144
227 -13.9338 -3.56107
228 -13.6948 -4.07607
229 -13.7734 -3.84052
230 -14.0194 -4.41192
231 -13.6287 -5.10656
232 -14.4018 -4.77677
233 -13.5334 -5.25918
234 -13.2144 -5.45142
235 -14.2092 -5.44693
236 -14.5519 -5.72269
237 -14.6708 -5.63622
238 -14.6004 -5.70194
239 -14.6004 -6.095
240 -13.9685 -6.37471
241 -14.2807 -5.73826
242 -14.2728 -6.18351
243 -13.8737 -6.21568
244 -13.8467 -6.92795
245 -14.085 -6.75417
246 -14.2661 -7.04225
247 -14.2923 -7.26661
248 -15.0676 -7.15764
249 -14.6242 -6.68354
250 -15.3175 -7.16599
251 -15.3341 -7.16799
252 -15.2864 -6.87204
253 -15.1292 -6.76254
254 -15.0678 -7.4114
255 -15.8875 -7.63102
256 -15.8155 -6.76252
257 -15.2666 -7.58716
258 -14.6583 -7.1666
259 -14.3029 -7.11273
260 -14.1616 -7.55162
261 -14.1827 -8.43785
262 -14.1737 -8.50933
263 -14.4912 -8.41568
264 -13.8126 -8.91191
265 -13.4444 -9.06699
266 -13.0219 -9.31132
267 -12.8905 -9.78823
268 -12.9595 -10.0512
269 -13.8386 -9.75753
270 -13.9159 -10.2984
271 -13.8452 -9.73237
272 -14.5184 -10.2291
273 -14.4241 -10.152
274 -14.5601 -10.2286
275 -14.232 -10.4939
276 -14.2279 -11.181
277 -13.585 -11.1618
278 -13.5684 -11.3241
279 -13.6478 -11.1544
280 -12.9868 -10.9897
281 -12.0781 -11.2539
282 -12.2172 -11.3336
283 -11.5135 -11.4052
284 -11.2565 -12.1667
285 -11.9833 -12.284
286 -11.4429 -12.9955
287 -11.1831 -13.0214
288 -11.176 -13.0219
289 -11.1682 -12.1792
290 -11.2879 -12.1256
291 -11.0179 -12.0976
292 -10.9658 -11.4608
293 -10.9911 -10.6905
294 -10.1563 -10.4332
295 -10.1313 -10.3779
296 -10.5531 -11.0816
297 -10.8891 -10.6807
298 -10.9192 -11.155
299 -11.6077 -10.6905
300 -11.2639 -10.5823
301 -11.4647 -10.1953
302 -11.4115 -10.1209
303 -11.4504 -10.1383
304 -10.8607 -9.40414
305 -10.9101 -9.42931
306 -10.6275 -9.78483
307 -11.205 -10.2786
308 -11.062 -10.2114
309 -11.4446 -10.4721
310 -11.2913 -9.7797
311 -11.6091 -9.56816
312 -12.4857 -9.99928
313 -13.4695 -10.1463
314 -13.4561 -10.1319
315 -13.4997 -10.0612
316 -12.8687 -10.7648
317 -12.8326 -11.558
318 -12.8246 -11.6681
319 -12.3464 -12.3822
320 -11.5104 -12.5455
321 -10.8291 -12.795
322 -11.0221 -13.1479
323 -11.1909 -12.5707
324 -11.4786 -13.1843
325 -10.9243 -13.0596
326 -10.8131 -13.2568
327 -10.2319 -13.9561
328 -9.58746 -14.6404
329 -9.68114 -15.1822
330 -9.22539 -14.9058
331 -9.12657 -15.4296
332 -9.33555 -15.2969
333 -9.33938 -14.484
334 -9.31523 -13.7807
335 -9.29785 -13.7915
336 -9.05995 -13.1959
337 -8.51923 -13.3572
338 -8.07146 -13.3209
339 -8.10598 -12.8773
340 -8.06135 -12.874
341 -8.66834 -13.5647
342 -7.72838 -13.6309
343 -7.76145 -13.6207
344 -7.77456 -13.7517
345 -7.53121 -13.0117
346 -7.45268 -13.6289
347 -7.15234 -13.7206
348 -6.83516 -13.6727
349 -6.594 -13.339
350 -6.66124 -13.0259
351 -6.49528 -13.1958
352 -6.36705 -13.4708
353 -6.45179 -13.7442
354 -6.13276 -14.0199
355 -6.04602 -14.2557
356 -5.59997 -13.5329
357 -5.51911 -13.4891
358 -4.8324 -13.7285
359 -3.96012 -14.13
360 -4.50068 -13.6755
361 -5.06135 -13.4366
362 -5.96701 -13.4506
363 -6.05813 -12.8094
364 -6.36975 -13.3232
365 -6.90769 -12.5882
366 -7.22004 -13.3265
367 -6.72638 -13.9592
368 -6.46015 -14.1712
369 -6.12342 -14.2526
370 -6.89346 -14.544
371 -7.52517 -13.9163
372 -7.0394 -14.7144
373 -6.89298 -14.4266
374 -6.49943 -14.3238
375 -6.89031 -14.0744
376 -6.94981 -14.0723
377 -6.50889 -14.189
378 -7.30842 -14.3828
379 -6.73118 -14.8661
380 -5.83416 -15.2806
381 -5.96641 -15.6405
382 -6.21789 -16.466
383 -5.83273 -16.2899
384 -5.97316 -16.0361
385 -5.91195 -16.0631
386 -5.76395 -16.7303
387 -5.51799 -16.6324
388 -4.81767 -16.527
389 -4.68597 -16.2574
390 -4.77445 -16.3173
391 -5.22151 -16.7893
392 -5.64636 -16.1441
393 -5.35421 -15.6699
394 -6.17277 -15.7951
395 -5.40182 -15.5397
396 -5.34295 -15.5427
397 -4.65705 -14.9551
398 -4.45666 -14.8097
399 -4.4609 -14.8053
400 -3.71682 -14.8995
401 -4.00296 -14.7312
402 -4.17639 -14.35
403 -3.8034 -13.6504
404 -4.00365 -13.7564
405 -3.85979 -14.0383
406 -4.0645 -14.1155
407 -3.72499 -14.1225
408 -3.66802 -14.4504
409 -4.58218 -14.1444
410 -4.76136 -14.1668
411 -4.80896 -15.0194
412 -5.68532 -15.473
413 -6.41962 -15.5603
414 -6.41988 -14.799
415 -6.37373 -14.9314
416 -6.4302 -15.395
417 -6.03909 -15.3618
418 -5.75518 -15.4341
419 -6.02547 -15.9633
420 -5.89087 -16.1377
421 -5.61524 -16.2712
422 -4.71437 -15.9428
423 -5.45898 -16.1226
424 -5.72074 -16.0539
425 -5.75164 -16.2096
426 -6.20201 -16.5439
427 -6.15937 -17.533
428 -6.03988 -17.8332
429 -5.58744 -16.9893
430 -5.5899 -16.9801
431 -5.53329 -15.993
432 -5.7081 -15.9171
433 -5.73531 -15.977
434 -6.16259 -15.4987
435 -5.67729 -16.0003
436 -5.4986 -16.0342
437 -5.36029 -16.2742
438 -4.93647 -16.0554
439 -5.91538 -15.8834
440 -6.43135 -15.3887
441 -5.71801 -15.6083
442 -4.78309 -15.337
443 -4.21495 -14.8039
444 -4.26723 -15.2374
445 -3.96688 -14.3438
446 -3.13667 -13.879
447 -3.6304 -14.549
448 -4.13026 -14.8499
449 -3.98245 -14.412
450 -4.70206 -14.7606
451 -4.32741 -14.9894
452 -4.72915 -14.9069
453 -3.93287 -15.0174
454 -3.60664 -14.8469
455 -3.46585 -14.7641
456 -3.81687 -14.8962
457 -3.93755 -15.0622
458 -3.53684 -14.9172
459 -4.15239 -14.2506
460 -4.73168 -14.5738
461 -4.46046 -14.7551
462 -3.84807 -14.775
463 -3.93926 -14.8036
464 -4.01052 -14.7755
465 -3.56966 -14.7946
466 -3.53864 -14.6596
467 -3.68697 -14.6414
468 -4.17604 -15.0969
469 -3.88282 -15.1958
470 -3.85932 -15.1323
471 -4.1684 -15.6624
472 -3.4942 -15.3286
473 -3.37174 -16.1719
474 -3.93392 -15.3703
475 -3.78176 -15.4986
476 -4.15998 -15.4163
477 -4.83664 -14.9105
478 -4.30249 -14.9587
479 -3.98209 -14.2694
480 -3.19719 -14.3815
481 -3.69831 -15.1567
482 -4.16023 -15.0177
483 -3.83614 -14.3166
484 -3.81368 -14.3123
485 -4.105 -13.7509
486 -4.79643 -14.2067
487 -4.44815 -14.7969
488 -4.31429 -14.8591
489 -4.07979 -15.2189
490 -3.75106 -14.9646
491 -3.87557 -15.5218
492 -3.97515 -15.2493
493 -4.39994 -14.9559
494 -4.69697 -14.168
495 -4.80778 -14.9335
496 -5.10173 -15.1303
497 -5.37728 -15.7117
498 -5.13025 -15.9851
499 -4.61779 -15.2735
500 -4.56504 -15.252
501 -4.22145 -15.2476
502 -4.09467 -15.2657
503 -4.48375 -14.7611
504 -4.44017 -14.7466
505 -4.09138 -14.2836
506 -3.74767 -15.2073
507 -3.77904 -15.1999
508 -3.52843 -15.28
509 -2.84277 -15.739
510 -2.9876 -15.5036
511 -3.77405 -15.978
512 -3.04429 -15.8621
513 -3.08998 -15.8675
514 -2.40613 -15.6868
515 -2.97402 -16.0298
516 -3.1822 -15.5427
517 -2.60437 -15.05
518 -2.94315 -15.9481
519 -2.67119 -15.7562
520 -2.51461 -15.8114
521 -1.86648 -15.2684
522 -2.1227 -15.1763
523 -2.90662 -14.6925
524 -3.42705 -14.9996
525 -3.66371 -15.8114
526 -3.46256 -15.6255
527 -3.8862 -15.7859
528 -4.34027 -16.5453
529 -4.433 -16.1553
530 -4.13553 -16.5271
531 -4.0718 -16.4129
532 -3.8753 -16.6867
533 -3.79394 -15.8084
534 -3.28915 -16.1534
535 -4.03607 -16.5161
536 -3.67239 -15.6619
537 -3.7585 -16.0662
538 -4.42472 -15.475
539 -4.18969 -15.0826
540 -4.02604 -15.824
541 -3.96368 -15.8297
542 -3.95011 -15.5837
543 -4.3279 -15.0253
544 -4.0285 -15.8976
545 -3.81065 -15.9989
546 -4.14511 -16.7531
547 -4.30389 -16.844
548 -4.58267 -15.9801
549 -5.39681 -16.5509
550 -5.54374 -16.7051
551 -5.82083 -16.912
552 -5.73337 -16.9959
553 -4.78278 -16.8035
554 -4.83337 -16.9691
555 -4.80321 -17.2104
556 -5.65549 -16.8143
557 -5.03436 -17.1943
558 -4.74127 -17.1978
559 -3.90209 -17.3744
560 -3.72763 -17.2649
561 -3.56137 -17.3954
562 -3.84746 -17.7738
563 -3.57176 -17.8548
564 -3.69898 -17.9032
565 -3.31007 -18.5711
566 -2.63891 -17.831
567 -2.70531 -18.1641
568 -2.96461 -17.8072
569 -3.60755 -17.6793
570 -3.35554 -17.5632
571 -3.91317 -17.4097
572 -3.57733 -17.1418
573 -4.44996 -17.5166
574 -4.42536 -17.4453
575 -5.03887 -18.1894
576 -4.89416 -17.5047
577 -4.78951 -17.128
578 -4.82249 -16.9872
579 -5.12119 -17.7779
580 -5.49702 -18.6427
581 -5.00818 -19.2879
582 -5.33441 -19.2401
583 -5.74154 -19.2869
584 -5.88232 -18.8861
585 -5.76633 -19.7197
586 -6.26472 -19.6454
587 -6.28917 -19.6046
588 -6.49051 -19.7189
589 -6.50568 -19.7669
590 -6.67708 -19.652
591 -6.45417 -19.6248
592 -6.29741 -20.2979
593 -6.49744 -20.1564
594 -7.37005 -20.1273
595 -7.32423 -21.1004
596 -6.72928 -21.1985
597 -7.48898 -21.0113
598 -7.49722 -20.9259
599 -8.3501 -20.5948
600 -8.13175 -20.5759
601 -8.44765 -19.9156
602 -8.99241 -19.9896
603 -8.64697 -19.5641
604 -8.17002 -19.9823
605 -8.15031 -19.0828
606 -7.67991 -18.696
607 -6.92764 -19.3013
608 -6.62569 -19.4366
609 -6.7197 -19.6186
610 -7.30151 -19.3775
611 -7.27641 -19.3082
612 -7.46517 -19.1407
613 -7.4517 -19.2065
614 -7.70057 -18.8065
615 -7.43012 -19.2261
616 -7.87166 -19.5718
617 -7.77372 -20.1469
618 -7.63406 -19.4832
619 -7.60071 -19.7655
620 -7.39102 -20.0658
621 -7.9175 -19.9121
622 -7.54277 -19.2007
623 -7.95354 -19.789
624 -8.42479 -19.1715
625 -8.80608 -19.1291
626 -8.79863 -19.1353
627 -9.2624 -19.192
628 -10.1123 -18.9238
629 -9.30276 -19.1708
630 -9.13583 -19.7928
631 -9.68165 -19.842
632 -9.59086 -19.7273
633 -10.2592 -19.1155
634 -11.0473 -18.6493
635 -10.2675 -18.9727
636 -10.5039 -19.6041
637 -10.5936 -18.9476
638 -10.1785 -18.7535
639 -10.2281 -18.2908
640 -9.81788 -17.9552
641 -9.59022 -17.6018
642 -9.55328 -17.6527
643 -9.71798 -16.8814
644 -9.58985 -16.7457
645 -9.18058 -16.2595
646 -8.82759 -16.8215
647 -8.55115 -16.4831
648 -8.5306 -16.4863
649 -8.32342 -16.4076
650 -8.12275 -16.8417
651 -8.29265 -17.3536
652 -7.47255 -17.4199
653 -7.44763 -17.4502
654 -7.44829 -17.4299
655 -7.41476 -17.5288
656 -7.42571 -17.5375
657 -6.99473 -17.4634
658 -7.39155 -18.1431
659 -7.12229 -18.9989
660 -7.09658 -18.2182
661 -7.578 -18.3506
662 -7.95693 -18.3043
663 -7.29783 -17.8971
664 -7.44211 -18.0033
665 -8.37204 -18.3149
666 -8.22377 -18.7555
667 -7.6129 -18.5013
668 -8.2339 -18.3659
669 -8.27614 -18.4072
670 -7.50578 -17.7868
671 -6.99118 -18.6366
672 -7.2465 -18.2618
673 -7.41091 -18.9084
674 -7.04129 -19.5829
675 -7.06221 -19.7714
676 -6.64946 -19.3138
677 -6.03399 -19.4119
678 -5.27555 -19.5476
679 -4.7542 -18.7443
680 -4.79951 -19.6788
681 -4.25771 -19.342
682 -4.34668 -19.2886
683 -4.31343 -18.7208
684 -4.51816 -18.6319
685 -4.43643 -19.0529
686 -4.251 -19.1594
687 -4.21693 -19.0077
688 -4.16509 -19.8845
689 -4.07282 -18.9927
690 -4.01919 -18.9786
691 -3.65013 -18.293
692 -3.24671 -18.6286
693 -3.2338 -18.5298
694 -3.42714 -17.5695
695 -3.32486 -18.14
696 -2.98828 -18.1068
697 -2.71056 -18.1427
698 -3.00099 -18.2186
699 -2.929 -18.1968
700 -2.67192 -18.364
701 -2.96038 -19.0983
702 -3.44607 -19.8471
703 -3.81047 -19.5164
704 -3.93922 -19.4024
705 -3.56279 -19.7414
706 -3.33628 -19.5558
707 -3.39631 -19.7306
708 -3.42093 -20.041
709 -3.1799 -20.6506
710 -3.34098 -20.4485
711 -2.48833 -20.2903
712 -2.79731 -20.018
713 -3.19559 -19.7175
714 -3.32621 -19.3382
715 -3.2639 -19.5145
716 -3.9605 -20.0909
717 -3.5249 -19.2309
718 -2.91209 -18.9483
719 -2.80057 -19.0077
720 -2.95945 -18.6268
721 -2.88422 -18.6812
722 -3.38024 -19.1168
723 -3.59866 -19.5079
724 -3.5762 -19.5
725 -3.20164 -18.6047
726 -3.75969 -18.6711
727 -3.72358 -18.6425
728 -3.75391 -19.2624
729 -3.79526 -19.2477
730 -3.98899 -19.3474
731 -4.07979 -19.3334
732 -3.75145 -18.7984
733 -3.01764 -18.6783
734 -2.44876 -18.9286
735 -2.78646 -19.0805
736 -2.60868 -19.2131
737 -2.33042 -18.3119
738 -2.15116 -18.3574
739 -1.55265 -17.7285
740 -1.50525 -17.709
741 -1.07719 -18.2286
742 -1.24329 -17.9537
743 -1.85959 -17.8117
744 -2.26159 -17.9069
745 -2.91422 -18.1573
746 -2.46534 -18.6451
747 -1.7711 -19.2577
748 -2.51336 -19.3331
749 -2.6346 -19.4305
750 -3.23878 -20.1555
751 -3.28477 -20.7698
752 -3.19991 -20.2445
753 -2.40508 -19.6785
754 -2.59657 -19.8419
755 -2.60122 -19.8493
756 -1.74732 -19.3918
757 -1.58869 -19.6467
758 -0.914113 -19.8667
759 -0.926111 -19.634
760 -1.72236 -19.8038
761 -1.66812 -19.336
762 -1.51244 -19.2757
763 -1.41297 -19.2041
764 -1.59417 -19.5553
765 -1.38523 -19.5385
766 -1.0537 -20.3616
767 -1.17788 -20.7093
768 -1.20961 -20.6116
769 -0.605218 -20.5838
770 -0.745659 -19.7891
771 -0.686768 -18.9823
772 -1.02632 -18.3319
773 -1.02627 -17.9068
774 -0.961075 -18.4007
775 -0.220285 -18.702
776 -0.0956919 -18.8409
777 -0.104281 -18.8474
778 -0.457807 -18.8226
779 0.0342871 -18.0808
780 -0.0103562 -17.9454
781 -0.208962 -17.3821
782 -0.575462 -17.0046
783 -0.269249 -17.4005
784 -0.276964 -17.4244
785 -0.934394 -17.6147
786 -0.769115 -16.9049
787 -0.545041 -16.8887
788 -0.486344 -16.9417
789 0.173561 -17.2348
790 0.336036 -17.0883
791 0.646184 -16.942
792 0.158892 -16.8887
793 0.776539 -16.8492
794 0.37655 -16.7978
795 -0.143326 -17.1897
796 -0.426747 -17.0555
797 -0.435487 -17.507
798 -0.915319 -17.8756
799 -0.91103 -17.9021
800 -1.48452 -17.354
801 -1.45132 -17.5752
802 -1.8396 -18.0037
803 -1.86067 -17.5183
804 -1.70404 -18.5039
805 -1.9973 -17.6433
806 -1.62265 -17.083
807 -1.04982 -16.3797
808 -1.23312 -16.293
809 -1.66079 -15.9053
810 -0.887626 -15.385
811 -0.681032 -15.6823
812 -0.385358 -16.0364
813 -0.5677 -15.4651
814 -0.280752 -15.6507
815 -1.04085 -16.1725
816 -1.12342 -16.0186
817 -0.634523 -16.3204
818 -0.684012 -16.2568
819 -0.721535 -16.1992
820 -0.476 -15.6012
821 -0.368433 -15.3842
822 -0.302944 -15.3042
823 -0.437891 -14.5258
824 -1.40711 -14.7387
825 -2.36624 -14.9399
826 -3.03811 -15.0699
827 -3.45754 -14.2406
828 -3.56256 -14.4467
829 -3.15745 -14.4109
830 -2.91719 -14.5295
831 -3.22929 -14.6262
832 -3.18226 -14.6847
833 -3.80876 -14.9161
834 -3.27053 -14.9668
835 -3.29286 -14.744
836 -3.28103 -15.0945
837 -3.08229 -14.6877
838 -2.89044 -15.1207
839 -2.81653 -15.2336
840 -3.32343 -14.4918
841 -2.8327 -13.7742
842 -2.74645 -14.7666
843 -3.1938 -15.431
844 -3.16324 -15.4361
845 -3.10009 -15.1884
846 -3.06735 -15.9644
847 -3.39656 -16.1679
848 -3.63622 -15.9421
849 -4.02072 -15.6767
850 -4.42399 -15.0179
851 -4.35769 -14.0908
852 -4.05089 -13.7764
853 -3.93565 -14.5947
854 -4.09186 -14.0195
855 -4.6878 -14.5036
856 -5.10713 -15.1085
857 -4.73633 -15.5594
858 -5.21898 -15.0247
859 -5.18441 -15.0468
860 -6.06376 -15.256
861 -6.70696 -15.3154
862 -6.47606 -15.2703
863 -6.19607 -15.0185
864 -6.07218 -14.9515
865 -6.16811 -15.3282
866 -6.2066 -14.6224
867 -6.20692 -14.6289
868 -6.45625 -14.3583
869 -6.32135 -14.377
870 -6.42043 -13.6264
871 -5.63167 -13.1598
872 -5.2323 -13.6029
873 -4.55909 -13.5111
874 -4.13757 -13.81
875 -3.74787 -13.2007
876 -4.42382 -13.1494
877 -3.98759 -12.5616
878 -4.02151 -12.7263
879 -4.14747 -12.7923
880 -3.54274 -12.2339
881 -3.71996 -12.0123
882 -3.48205 -12.578
883 -3.90033 -11.8385
884 -4.75623 -12.1226
885 -5.04417 -12.6706
886 -5.80386 -12.9389
887 -6.2644 -12.8624
888 -5.59259 -12.7209
889 -5.68623 -12.2584
890 -5.24185 -12.1073
891 -4.86661 -12.739
892 -4.27366 -13.2876
893 -4.39907 -13.507
894 -4.67549 -13.5916
895 -5.05063 -14.2384
896 -5.00081 -14.2174
897 -4.60888 -14.3843
898 -4.44844 -14.9208
899 -4.61162 -15.7047
900 -3.92444 -16.43
901 -3.88695 -16.3415
902 -4.63621 -16.2881
903 -4.32727 -16.1073
904 -4.55662 -15.9923
905 -4.56476 -16.0988
906 -4.19734 -16.3836
907 -4.10728 -15.6813
908 -3.34359 -15.8385
909 -2.45894 -15.4654
910 -3.22607 -14.8251
911 -3.10881 -14.5416
912 -2.87467 -14.5358
913 -2.49352 -14.0811
914 -2.39868 -14.8829
915 -2.23928 -15.4098
916 -1.98651 -15.5686
917 -2.34276 -14.6791
918 -2.10765 -13.8259
919 -1.60693 -13.6678
920 -1.3887 -13.5047
921 -0.638656 -13.2586
922 -0.67042 -13.2236
923 -0.544241 -13.3428
924 -1.35512 -13.1913
925 -2.21673 -12.7559
926 -2.43536 -12.3353
927 -3.11849 -12.2927
928 -3.54059 -12.7331
929 -3.88377 -12.0561
930 -3.15711 -12.613
931 -3.73081 -12.1865
932 -3.96006 -12.1725
933 -3.88773 -11.6487
934 -3.88382 -11.7174
935 -4.60669 -12.2942
936 -4.50615 -11.942
937 -4.22381 -11.355
938 -4.30148 -11.3324
939 -4.47407 -11.8785
940 -4.3238 -11.976
941 -3.92843 -12.0689
942 -3.9155 -12.0117
943 -4.22806 -11.8159
944 -4.06906 -12.1285
945 -4.42446 -11.7369
946 -4.18435 -11.9226
947 -4.28609 -11.6406
948 -4.14926 -12.5598
949 -4.26538 -12.5111
950 -4.06884 -12.5826
951 -4.07621 -12.5573
952 -4.26626 -11.9732
953 -4.265 -12.2388
954 -4.71356 -12.1222
955 -4.63628 -12.1361
956 -4.97303 -12.2277
957 -4.71811 -12.4554
958 -4.58165 -11.9765
959 -4.69376 -11.9886
960 -4.56236 -12.0347
961 -4.83343 -12.4159
962 -5.59675 -12.5239
963 -5.62706 -12.5163
964 -6.03659 -12.4433
965 -5.79144 -12.1955
966 -5.67859 -12.3805
967 -5.33777 -13.0779
968 -5.38868 -13.1362
969 -5.53972 -13.7006
970 -5.93726 -14.0249
971 -5.55863 -13.1433
972 -5.28662 -12.4587
973 -5.02337 -12.638
974 -4.71868 -13.04
975 -4.48575 -13.2139
976 -3.69202 -12.945
977 -4.41102 -12.7876
978 -4.53091 -12.8617
979 -4.9311 -12.6706
980 -4.96313 -12.0471
981 -4.81347 -11.8382
982 -5.74276 -11.8608
983 -6.01272 -11.7256
984 -6.00543 -11.6518
985 -5.72653 -12.5489
986 -5.3201 -12.977
987 -5.26416 -12.9986
988 -5.41781 -13.0016
989 -5.42245 -13.4165
990 -5.95347 -13.9015
991 -6.45207 -13.5298
992 -6.26886 -13.5138
993 -6.2098 -13.0951
994 -7.13147 -13.3669
995 -6.46193 -13.8275
996 -6.00945 -14.368
997 -6.10116 -14.336
998 -6.06695 -14.0446
999 -6.52519 -14.571
1000 -6.50532 -14.5809
