0: 1 2 3 4 5 6 7 8 9 11 12 14 16 18 20 22 24 26 29 30 41 50 52 62 75 76 77 79 82 
1: 0 2 3 4 5 6 14 15 16 21 22 25 26 27 29 30 34 39 40 43 51 58 59 64 83 88 
2: 0 1 3 4 6 11 13 17 23 43 57 59 60 70 79 
3: 0 1 2 4 5 7 8 10 13 17 18 19 23 28 29 30 31 35 40 42 45 48 53 56 57 60 64 73 79 
4: 0 1 2 3 5 6 7 8 11 12 14 15 17 19 20 26 38 47 57 58 74 75 85 87 90 
5: 0 1 3 4 7 14 20 46 51 52 63 64 68 71 87 88 89 
6: 0 1 2 4 8 9 10 15 21 25 27 39 41 42 50 53 55 61 70 72 73 81 89 
7: 0 3 4 5 9 20 24 41 42 44 45 48 62 83 89 
8: 0 3 4 6 9 10 13 16 17 21 25 32 38 40 44 47 51 53 56 58 69 74 
9: 0 6 7 8 10 11 12 13 15 16 53 57 59 71 75 81 
10: 3 6 8 9 28 29 46 78 86 
11: 0 2 4 9 12 18 24 74 90 
12: 0 4 9 11 18 19 27 33 46 63 
13: 2 3 8 9 19 22 26 36 47 61 
14: 0 1 4 5 31 39 46 48 49 55 84 
15: 1 4 6 9 33 34 37 47 52 54 56 59 60 72 88 
16: 0 1 8 9 23 28 66 68 80 
17: 2 3 4 8 23 24 32 37 43 79 80 86 
18: 0 3 11 12 30 36 37 39 41 45 50 67 69 
19: 3 4 12 13 34 44 48 62 78 
20: 0 4 5 7 21 22 25 40 54 67 72 76 
21: 1 6 8 20 67 
22: 0 1 13 20 27 32 36 
23: 2 3 16 17 28 31 55 83 
24: 0 7 11 17 35 52 65 70 84 85 
25: 1 6 8 20 
26: 0 1 4 13 42 58 
27: 1 6 12 22 32 33 35 37 51 
28: 3 10 16 23 31 38 
29: 0 1 3 10 45 49 62 
30: 0 1 3 18 
31: 3 14 23 28 33 34 
32: 8 17 22 27 35 66 68 
33: 12 15 27 31 77 
34: 1 15 19 31 49 55 77 78 
35: 3 24 27 32 36 38 
36: 13 18 22 35 54 69 84 
37: 15 17 18 27 49 54 
38: 4 8 28 35 70 75 83 
39: 1 6 14 18 82 
40: 1 3 8 20 50 56 64 
41: 0 6 7 18 
42: 3 6 7 26 43 44 65 
43: 1 2 17 42 65 66 86 
44: 7 8 19 42 63 68 69 
45: 3 7 18 29 
46: 5 10 12 14 
47: 4 8 13 15 80 
48: 3 7 14 19 90 
49: 14 29 34 37 63 65 
50: 0 6 18 40 
51: 1 5 8 27 85 
52: 0 5 15 24 
53: 3 6 8 9 74 
54: 15 20 36 37 
55: 6 14 23 34 
56: 3 8 15 40 61 
57: 2 3 4 9 66 71 76 84 
58: 1 4 8 26 60 67 82 
59: 1 2 9 15 61 73 86 89 
60: 2 3 15 58 72 81 85 
61: 6 13 56 59 
62: 0 7 19 29 80 
63: 5 12 44 49 87 90 
64: 1 3 5 40 71 
65: 24 42 43 49 
66: 16 32 43 57 
67: 18 20 21 58 82 
68: 5 16 32 44 81 
69: 8 18 36 44 73 76 78 87 
70: 2 6 24 38 
71: 5 9 57 64 77 
72: 6 15 20 60 
73: 3 6 59 69 88 
74: 4 8 11 53 
75: 0 4 9 38 
76: 0 20 57 69 
77: 0 33 34 71 
78: 10 19 34 69 
79: 0 2 3 17 
80: 16 17 47 62 
81: 6 9 60 68 
82: 0 39 58 67 
83: 1 7 23 38 
84: 14 24 36 57 
85: 4 24 51 60 
86: 10 17 43 59 
87: 4 5 63 69 
88: 1 5 15 73 
89: 5 6 7 59 
90: 4 11 48 63 
91: 
92: 
93: 
94: 
95: 
96: 
97: 
98: 
99: 
