5 190148
6 119013
4 333161
8 55852
7 79345
10 30149
280 1
19 5138
9 40818
11 23407
12 18358
256 1
13 14505
225 2
17 6869
14 11962
32 1100
297 1
28 1643
18 5670
15 9798
27 1797
192 3
33 1025
249 1
105 25
312 1
24 2526
37 746
34 949
51 276
41 507
16 8285
171 5
153 7
72 113
22 3251
29 1505
21 3696
322 1
62 167
311 1
151 12
165 7
36 835
272 1
26 1950
221 2
251 1
282 1
208 2
246 1
241 4
291 1
42 532
79 65
115 21
73 86
318 1
88 57
276 1
254 5
201 4
58 173
424 1
77 95
183 4
375 1
104 29
31 1210
61 172
86 60
261 3
78 94
56 222
316 1
167 10
59 192
209 4
333 1
211 1
47 380
228 3
469 1
205 5
71 108
137 13
135 23
109 34
735 1
194 8
91 43
187 4
50 296
350 1
94 58
30 1367
308 2
196 5
63 164
83 60
181 9
67 144
81 80
419 1
147 15
121 29
76 79
132 17
265 2
118 27
184 8
407 1
239 3
179 4
87 51
226 2
65 141
374 1
169 5
281 2
120 27
159 9
85 69
358 1
102 52
98 40
442 1
143 10
459 1
213 3
68 119
110 33
40 569
377 1
107 37
372 2
117 16
52 246
156 8
74 99
75 97
39 631
174 6
99 37
451 1
381 1
263 2
357 2
279 2
411 1
195 6
247 3
154 10
364 2
145 16
237 2
177 5
146 10
384 1
111 35
294 3
214 5
126 16
296 1
240 3
323 3
292 3
286 2
182 12
70 135
224 3
258 3
396 1
55 238
596 1
158 9
285 3
266 4
108 34
365 2
148 12
405 1
275 4
101 32
391 1
53 241
1676 1
134 11
212 6
331 3
268 3
525 2
846 1
420 1
163 5
160 16
219 6
231 3
488 1
164 7
421 1
207 4
334 1
486 3
229 5
129 10
188 4
729 1
387 1
66 127
607 1
93 46
511 1
535 1
1049 1
320 2
122 16
663 1
149 15
380 1
123 22
353 1
894 1
96 49
637 1
253 4
49 325
590 2
413 1
456 1
199 4
329 2
23 2950
564 1
299 1
218 5
1841 1
166 13
252 3
379 2
314 1
1046 1
505 1
248 2
472 1
1013 1
215 2
756 1
242 6
1426 1
455 1
198 8
389 1
876 1
362 1
758 1
244 2
189 9
162 7
703 2
446 1
90 42
1713 1
356 1
69 117
610 1
43 474
584 1
330 1
46 381
587 1
1074 1
197 7
89 49
204 4
347 1
278 2
819 1
48 345
444 2
238 2
779 1
25 2245
566 1
309 1
327 1
868 1
97 42
487 2
1001 1
230 5
453 1
862 1
337 2
80 69
45 393
586 1
2750 1
180 5
349 2
1377 1
92 50
3143 1
234 2
1020 1
170 2
1252 1
54 249
1677 1
38 665
579 1
2103 1
304 2
20 4381
561 1
914 1
141 14
682 1
168 10
233 7
82 65
1705 1
623 1
1448 1
366 2
223 4
1305 1
277 2
341 1
882 1
368 1
1476 1
191 6
130 26
671 1
157 12
257 3
798 1
284 5
290 3
35 850
576 1
513 1
259 3
493 3
236 4
315 3
856 1
175 4
2339 1
283 2
57 215
598 1
84 61
412 1
155 18
206 3
1004 1
463 1
519 1
262 1
222 3
458 1
232 1
142 13
220 2
360 2
103 32
418 1
161 10
371 1
114 32
538 1
447 1
190 2
255 3
537 1
450 1
193 5
106 29
293 3
273 2
302 1
443 1
1232 1
150 5
152 6
409 2
274 2
245 2
298 3
2616 1
452 1
202 5
317 2
60 170
264 1
805 1
270 3
140 20
674 1
133 9
243 5
383 1
113 25
457 1
173 11
714 1
200 3
178 12
435 1
216 8
1850 1
227 4
95 47
338 2
172 11
429 2
138 20
679 1
529 1
336 1
131 13
388 1
325 3
203 7
250 4
497 1
127 14
1687 1
64 152
680 1
139 12
116 26
100 31
328 2
44 446
267 2
751 1
210 4
119 27
1458 1
376 1
677 1
136 15
393 1
112 26
185 13
144 16
289 2
288 3
125 24
432 1
186 3
727 1
176 9
235 3
665 1
124 24
485 1
128 30
