0: 1 2 3 4 5 6 7 8 9 11 12 14 16 18 20 22 24 26 29 30 41 50 52 
1: 0 2 3 4 5 6 14 15 16 21 22 25 26 27 29 30 34 39 40 43 51 
2: 0 1 3 4 6 11 13 17 23 43 
3: 0 1 2 4 5 7 8 10 13 17 18 19 23 28 29 30 31 35 40 42 45 48 53 
4: 0 1 2 3 5 6 7 8 11 12 14 15 17 19 20 26 38 47 
5: 0 1 3 4 7 14 20 46 51 52 
6: 0 1 2 4 8 9 10 15 21 25 27 39 41 42 50 53 55 
7: 0 3 4 5 9 20 24 41 42 44 45 48 
8: 0 3 4 6 9 10 13 16 17 21 25 32 38 40 44 47 51 53 
9: 0 6 7 8 10 11 12 13 15 16 53 
10: 3 6 8 9 28 29 46 
11: 0 2 4 9 12 18 24 
12: 0 4 9 11 18 19 27 33 46 
13: 2 3 8 9 19 22 26 36 47 
14: 0 1 4 5 31 39 46 48 49 55 
15: 1 4 6 9 33 34 37 47 52 54 
16: 0 1 8 9 23 28 
17: 2 3 4 8 23 24 32 37 43 
18: 0 3 11 12 30 36 37 39 41 45 50 
19: 3 4 12 13 34 44 48 
20: 0 4 5 7 21 22 25 40 54 
21: 1 6 8 20 
22: 0 1 13 20 27 32 36 
23: 2 3 16 17 28 31 55 
24: 0 7 11 17 35 52 
25: 1 6 8 20 
26: 0 1 4 13 42 
27: 1 6 12 22 32 33 35 37 51 
28: 3 10 16 23 31 38 
29: 0 1 3 10 45 49 
30: 0 1 3 18 
31: 3 14 23 28 33 34 
32: 8 17 22 27 35 
33: 12 15 27 31 
34: 1 15 19 31 49 55 
35: 3 24 27 32 36 38 
36: 13 18 22 35 54 
37: 15 17 18 27 49 54 
38: 4 8 28 35 
39: 1 6 14 18 
40: 1 3 8 20 50 
41: 0 6 7 18 
42: 3 6 7 26 43 44 
43: 1 2 17 42 
44: 7 8 19 42 
45: 3 7 18 29 
46: 5 10 12 14 
47: 4 8 13 15 
48: 3 7 14 19 
49: 14 29 34 37 
50: 0 6 18 40 
51: 1 5 8 27 
52: 0 5 15 24 
53: 3 6 8 9 
54: 15 20 36 37 
55: 6 14 23 34 
56: 
57: 
58: 
59: 
60: 
61: 
62: 
63: 
64: 
65: 
66: 
67: 
68: 
69: 
70: 
71: 
72: 
73: 
74: 
75: 
76: 
77: 
78: 
79: 
80: 
81: 
82: 
83: 
84: 
85: 
86: 
87: 
88: 
89: 
90: 
91: 
92: 
93: 
94: 
95: 
96: 
97: 
98: 
99: 
