0: 1 2 3 4 5 6 7 8 9 11 12 14 16 18 20 22 24 26 29 30 
1: 0 2 3 4 5 6 14 15 16 21 22 25 26 27 29 30 34 39 
2: 0 1 3 4 6 11 13 17 23 
3: 0 1 2 4 5 7 8 10 13 17 18 19 23 28 29 30 31 35 
4: 0 1 2 3 5 6 7 8 11 12 14 15 17 19 20 26 38 
5: 0 1 3 4 7 14 20 
6: 0 1 2 4 8 9 10 15 21 25 27 39 
7: 0 3 4 5 9 20 24 
8: 0 3 4 6 9 10 13 16 17 21 25 32 38 
9: 0 6 7 8 10 11 12 13 15 16 
10: 3 6 8 9 28 29 
11: 0 2 4 9 12 18 24 
12: 0 4 9 11 18 19 27 33 
13: 2 3 8 9 19 22 26 36 
14: 0 1 4 5 31 39 
15: 1 4 6 9 33 34 37 
16: 0 1 8 9 23 28 
17: 2 3 4 8 23 24 32 37 
18: 0 3 11 12 30 36 37 39 
19: 3 4 12 13 34 
20: 0 4 5 7 21 22 25 
21: 1 6 8 20 
22: 0 1 13 20 27 32 36 
23: 2 3 16 17 28 31 
24: 0 7 11 17 35 
25: 1 6 8 20 
26: 0 1 4 13 
27: 1 6 12 22 32 33 35 37 
28: 3 10 16 23 31 38 
29: 0 1 3 10 
30: 0 1 3 18 
31: 3 14 23 28 33 34 
32: 8 17 22 27 35 
33: 12 15 27 31 
34: 1 15 19 31 
35: 3 24 27 32 36 38 
36: 13 18 22 35 
37: 15 17 18 27 
38: 4 8 28 35 
39: 1 6 14 18 
40: 
41: 
42: 
43: 
44: 
45: 
46: 
47: 
48: 
49: 
50: 
51: 
52: 
53: 
54: 
55: 
56: 
57: 
58: 
59: 
60: 
61: 
62: 
63: 
64: 
65: 
66: 
67: 
68: 
69: 
70: 
71: 
72: 
73: 
74: 
75: 
76: 
77: 
78: 
79: 
80: 
81: 
82: 
83: 
84: 
85: 
86: 
87: 
88: 
89: 
90: 
91: 
92: 
93: 
94: 
95: 
96: 
97: 
98: 
99: 
