16
32
16
64
32
16
32
16
32
32
32
32
32
32
32
64
16
32
32
16
32
32
128
64
16
64
32
32
32
16
64
64
8
64
32
64
32
64
16
32
32
64
32
32
16
32
16
16
16
64
64
32
32
32
32
32
32
16
32
16
16
64
128
64
16
32
32
64
32
32
16
16
64
32
32
32
8
16
32
32
32
32
32
32
32
32
16
16
64
8
16
64
64
32
64
32
16
32
32
32
32
16
64
16
32
32
8
16
32
32
32
16
32
16
16
64
32
32
32
32
64
64
32
32
32
32
32
32
128
16
64
32
64
64
8
32
32
16
32
32
64
32
16
64
32
16
32
32
32
32
32
32
16
32
8
16
32
64
64
64
64
32
64
64
64
32
32
64
16
16
64
64
16
32
16
32
16
64
32
32
64
64
16
64
32
16
32
16
8
64
32
32
32
32
16
32
16
32
64
16
Średnia: 36.04
Oczekiwana: 32
