0 0 0.501747
1 3 4.96729
2 12 24.5881
3 74 81.1407
4 176 200.823
5 382 397.63
6 650 656.09
7 928 927.898
8 1154 1148.27
9 1353 1263.1
10 1233 1250.47
11 1194 1125.42
12 975 928.475
13 753 707.069
14 485 499.999
15 287 329.999
16 175 204.187
17 91 118.909
18 33 65.3999
19 23 34.0768
20 11 16.868
21 4 7.95206
22 2 3.57843
23 2 1.54028
24 0 0.635366
25 0 0.251605
26 0 0.0958033
27 0 0.0351279
28 0 0.0124202
29 0 0.00424001
30 0 0.0013992
31 0 0.000446842
32 0 0.000138242
33 0 4.14725e-05
34 0 1.20758e-05
35 0 3.41573e-06
36 0 9.39326e-07
37 0 2.51333e-07
38 0 6.54789e-08
39 0 1.66216e-08
40 0 4.11384e-09
41 0 9.93342e-10
42 0 2.34145e-10
43 0 5.39078e-11
44 0 1.21292e-11
45 0 2.66843e-12
46 0 5.74293e-13
47 0 1.20968e-13
48 0 2.49497e-14
49 0 5.04086e-15
50 0 9.98089e-16
51 0 1.93747e-16
52 0 3.68864e-17
53 0 6.8901e-18
54 0 1.26319e-18
55 0 2.27373e-19
56 0 4.01964e-20
57 0 6.98147e-21
58 0 1.19167e-21
59 0 1.99957e-22
60 0 3.2993e-23
61 0 5.3546e-24
62 0 8.55008e-25
63 0 1.34358e-25
64 0 2.07836e-26
65 0 3.1655e-27
66 0 4.74825e-28
67 0 7.01607e-29
68 0 1.02146e-29
69 0 1.46557e-30
70 0 2.07273e-31
71 0 2.89015e-32
72 0 3.97395e-33
73 0 5.38933e-34
74 0 7.21005e-35
75 0 9.51727e-36
76 0 1.23975e-36
77 0 1.59396e-37
78 0 2.02311e-38
79 0 2.53529e-39
80 0 3.13742e-40
81 0 3.83462e-41
82 0 4.62961e-42
83 0 5.52206e-43
84 0 6.50814e-44
85 0 7.58007e-45
86 0 8.7259e-46
87 0 9.92947e-47
88 0 1.11707e-47
89 0 1.24258e-48
90 0 1.36684e-49
91 0 1.487e-50
92 0 1.60014e-51
93 0 1.70337e-52
94 0 1.79398e-53
95 0 1.86951e-54
96 0 1.92794e-55
97 0 1.96769e-56
98 0 1.98777e-57
99 0 1.98777e-58
