0 184 190.631
1 750 754.899
2 1462 1494.7
3 1991 1973
4 2048 1953.27
5 1571 1546.99
6 977 1021.02
7 576 577.603
8 269 285.914
9 112 125.802
10 41 49.8176
11 12 17.9343
12 5 5.91833
13 2 1.80281
14 0 0.509939
15 0 0.134624
16 0 0.0333194
17 0 0.00776146
18 0 0.00170752
19 0 0.000355883
20 0 7.04649e-05
21 0 1.32877e-05
22 0 2.39178e-06
23 0 4.11802e-07
24 0 6.79474e-08
25 0 1.07629e-08
26 0 1.63927e-09
27 0 2.40426e-10
28 0 3.40031e-11
29 0 4.64318e-12
30 0 6.129e-13
31 0 7.8293e-14
32 0 9.68876e-15
33 0 1.16265e-15
34 0 1.35415e-16
35 0 1.53212e-17
36 0 1.68533e-18
37 0 1.80376e-19
38 0 1.87971e-20
39 0 1.90863e-21
40 0 1.88954e-22
41 0 1.82502e-23
42 0 1.72073e-24
43 0 1.58467e-25
44 0 1.42621e-26
45 0 1.25506e-27
46 0 1.08045e-28
47 0 9.10332e-30
48 0 7.51024e-31
49 0 6.0695e-32
50 0 4.80705e-33
51 0 3.73253e-34
52 0 2.84247e-35
53 0 2.1238e-36
54 0 1.55746e-37
55 0 1.12137e-38
56 0 7.92968e-40
57 0 5.50904e-41
58 0 3.76134e-42
59 0 2.52456e-43
60 0 1.66621e-44
61 0 1.08167e-45
62 0 6.90874e-47
63 0 4.34264e-48
64 0 2.68701e-49
65 0 1.63701e-50
66 0 9.82205e-52
67 0 5.80527e-53
68 0 3.38072e-54
69 0 1.94024e-55
70 0 1.09762e-56
71 0 6.12193e-58
72 0 3.36706e-59
73 0 1.82652e-60
74 0 9.77433e-62
75 0 5.16085e-63
76 0 2.68907e-64
77 0 1.38295e-65
78 0 7.02114e-67
79 0 3.51946e-68
80 0 1.74213e-69
81 0 8.51709e-71
82 0 4.11313e-72
83 0 1.96241e-73
84 0 9.25136e-75
85 0 4.31004e-76
86 0 1.98463e-77
87 0 9.03347e-79
88 0 4.06506e-80
89 0 1.80872e-81
90 0 7.95838e-83
91 0 3.46321e-84
92 0 1.49069e-85
93 0 6.34743e-87
94 0 2.67403e-88
95 0 1.11465e-89
96 0 4.59792e-91
97 0 1.87709e-92
98 0 7.58497e-94
99 0 3.03399e-95
