sigma_i\sum_sigma    4        2        0        -2         -4
1                    p(1,4)   p(1,2)   p(1,0)   p(1,-2)    p(1, -4)
-1                   p(-1,4)  p(-1,2)  p(-1,0)  p(-1,-2)   p(-1, -4)


T: 0.25
    1.266e-14     1.125e-07     1.000e+00     1.000e+00     1.000e+00
    1.000e+00     1.000e+00     1.000e+00     1.125e-07     1.266e-14
T: 0.50
    1.125e-07     3.355e-04     1.000e+00     1.000e+00     1.000e+00
    1.000e+00     1.000e+00     1.000e+00     3.355e-04     1.125e-07
T: 0.75
    2.331e-05     4.828e-03     1.000e+00     1.000e+00     1.000e+00
    1.000e+00     1.000e+00     1.000e+00     4.828e-03     2.331e-05
T: 1.00
    3.355e-04     1.832e-02     1.000e+00     1.000e+00     1.000e+00
    1.000e+00     1.000e+00     1.000e+00     1.832e-02     3.355e-04
T: 1.25
    1.662e-03     4.076e-02     1.000e+00     1.000e+00     1.000e+00
    1.000e+00     1.000e+00     1.000e+00     4.076e-02     1.662e-03
T: 1.50
    4.828e-03     6.948e-02     1.000e+00     1.000e+00     1.000e+00
    1.000e+00     1.000e+00     1.000e+00     6.948e-02     4.828e-03
T: 1.75
    1.034e-02     1.017e-01     1.000e+00     1.000e+00     1.000e+00
    1.000e+00     1.000e+00     1.000e+00     1.017e-01     1.034e-02 
T: 2.00
    1.832e-02     1.353e-01     1.000e+00     1.000e+00     1.000e+00
    1.000e+00     1.000e+00     1.000e+00     1.353e-01     1.832e-02
T: 2.25
    2.857e-02     1.690e-01     1.000e+00     1.000e+00     1.000e+00
    1.000e+00     1.000e+00     1.000e+00     1.690e-01     2.857e-02 
T: 2.50
    4.076e-02     2.019e-01     1.000e+00     1.000e+00     1.000e+00
    1.000e+00     1.000e+00     1.000e+00     2.019e-01     4.076e-02
T: 2.75
    5.453e-02     2.335e-01     1.000e+00     1.000e+00     1.000e+00
    1.000e+00     1.000e+00     1.000e+00     2.335e-01     5.453e-02
T: 3.00
    6.948e-02     2.636e-01     1.000e+00     1.000e+00     1.000e+00
    1.000e+00     1.000e+00     1.000e+00     2.636e-01     6.948e-02
T: 3.25
    8.530e-02     2.921e-01     1.000e+00     1.000e+00     1.000e+00
    1.000e+00     1.000e+00     1.000e+00     2.921e-01     8.530e-02 
T: 3.50
    1.017e-01     3.189e-01     1.000e+00     1.000e+00     1.000e+00
    1.000e+00     1.000e+00     1.000e+00     3.189e-01     1.017e-01
T: 3.75
    1.184e-01     3.442e-01     1.000e+00     1.000e+00     1.000e+00
    1.000e+00     1.000e+00     1.000e+00     3.442e-01     1.184e-01
T: 4.00
    1.353e-01     3.679e-01     1.000e+00     1.000e+00     1.000e+00
    1.000e+00     1.000e+00     1.000e+00     3.679e-01     1.353e-01